# VELOCITY:     AVE_POFV:        ERROR:
   0.0942809  0.00621992           0
    0.282843   0.0202638           0
    0.471405    0.067257           0
    0.659966    0.120225           0
    0.848528    0.136724           0
     1.03709    0.213409           0
     1.22565    0.285707           0
     1.41421    0.356876           0
     1.60278    0.359413           0
     1.79134    0.409451           0
      1.9799    0.431024           0
     2.16846    0.398173           0
     2.35702    0.355256           0
     2.54558    0.570432           0
     2.73415    0.367794           0
     2.92271    0.321193           0
     3.11127     0.26325           0
     3.29983     0.17658           0
     3.48839    0.163109           0
     3.67696    0.105084           0
     3.86552   0.0650309           0
     4.05408   0.0526893           0
     4.24264   0.0191181           0
      4.4312   0.0190362           0
     4.61976    0.010934           0
     4.80833  0.00589256           0
     4.99689  0.00186598           0
     5.18545  0.00129309           0
     5.37401           0           0
     5.56257           0           0
   0.0942809   0.0051478 0.000758102
    0.282843   0.0310259  0.00760995
    0.471405    0.090107   0.0161574
    0.659966    0.140881   0.0146065
    0.848528    0.218876   0.0580903
     1.03709     0.26005   0.0329803
     1.22565    0.320457   0.0245718
     1.41421    0.442007   0.0601968
     1.60278    0.464636   0.0744039
     1.79134     0.44614   0.0259433
      1.9799    0.419485  0.00815972
     2.16846    0.355305   0.0303125
     2.35702    0.345885  0.00662616
     2.54558    0.449275   0.0856713
     2.73415    0.310366   0.0406076
     2.92271    0.267743   0.0377951
     3.11127     0.20759   0.0393576
     3.29983    0.163707  0.00910301
     3.48839    0.128801   0.0242593
     3.67696    0.082283   0.0161227
     3.86552   0.0540642  0.00775463
     4.05408   0.0535977 0.000642361
     4.24264   0.0239221  0.00339699
      4.4312   0.0117769   0.0051331
     4.61976  0.00564703  0.00373843
     4.80833  0.00294628  0.00208333
     4.99689 0.000932988 0.000659722
     5.18545 0.000646544 0.000457176
     5.37401           0           0
     5.56257           0           0
   0.0942809  0.00483953 0.000564609
    0.282843   0.0301994    0.005118
    0.471405   0.0823485   0.0124963
    0.659966    0.147947   0.0113183
    0.848528    0.235108   0.0409319
     1.03709    0.262208   0.0220574
     1.22565    0.384195    0.054559
     1.41421    0.481438   0.0514495
     1.60278    0.506427   0.0602058
     1.79134    0.448571    0.017409
      1.9799    0.412599  0.00782297
     2.16846    0.363511   0.0212901
     2.35702    0.348577  0.00493427
     2.54558    0.386563   0.0767066
     2.73415    0.297143   0.0291452
     2.92271    0.248955   0.0294992
     3.11127     0.19661   0.0277278
     3.29983     0.15092   0.0120757
     3.48839     0.11676   0.0189269
     3.67696   0.0834997   0.0107943
     3.86552   0.0448053  0.00915852
     4.05408   0.0394965   0.0115216
     4.24264   0.0159481   0.0068934
      4.4312  0.00785129  0.00468875
     4.61976  0.00376469  0.00292808
     4.80833  0.00196419  0.00160375
     4.99689 0.000621992 0.000507854
     5.18545  0.00043103 0.000351934
     5.37401           0           0
     5.56257           0           0
   0.0942809   0.0037074  0.00106799
    0.282843   0.0305717  0.00385202
    0.471405   0.0762309    0.010766
    0.659966    0.137239   0.0125717
    0.848528    0.226642   0.0315621
     1.03709    0.276516   0.0206694
     1.22565    0.417091   0.0498598
     1.41421    0.501215   0.0422174
     1.60278    0.523046   0.0473926
     1.79134    0.478296   0.0288643
      1.9799    0.438889   0.0235117
     2.16846    0.362024   0.0160194
     2.35702    0.331444   0.0152925
     2.54558    0.359114   0.0622474
     2.73415    0.301801    0.022228
     2.92271    0.235629   0.0249536
     3.11127    0.187776   0.0221583
     3.29983     0.13809   0.0143346
     3.48839     0.10934    0.015582
     3.67696   0.0754206   0.0107002
     3.86552   0.0398852   0.0080831
     4.05408   0.0303958   0.0116956
     4.24264   0.0119611  0.00621705
      4.4312  0.00588846  0.00390585
     4.61976  0.00282352  0.00234244
     4.80833  0.00147314  0.00127578
     4.99689 0.000466494 0.000403996
     5.18545 0.000323272 0.000279962
     5.37401           0           0
     5.56257           0           0
   0.0942809  0.00305431    0.001035
    0.282843   0.0292042   0.0033155
    0.471405   0.0849019   0.0115901
    0.659966    0.146509    0.013034
    0.848528    0.233224   0.0259268
     1.03709    0.308171   0.0327876
     1.22565    0.433967   0.0426484
     1.41421    0.522725   0.0388694
     1.60278    0.530032   0.0384255
     1.79134    0.479638   0.0231226
      1.9799    0.414198   0.0290091
     2.16846    0.355069   0.0142455
     2.35702    0.325443   0.0133598
     2.54558    0.332036   0.0553755
     2.73415    0.304799   0.0179834
     2.92271     0.22397   0.0225226
     3.11127    0.186679   0.0177538
     3.29983    0.123862   0.0171312
     3.48839    0.103778   0.0134216
     3.67696   0.0720234  0.00908345
     3.86552   0.0417422  0.00667638
     4.05408   0.0280093  0.00959688
     4.24264   0.0109962  0.00504796
      4.4312  0.00520182  0.00318447
     4.61976  0.00225881  0.00194083
     4.80833  0.00117851  0.00105409
     4.99689 0.000373195 0.000333796
     5.18545 0.000258618 0.000231315
     5.37401           0           0
     5.56257           0           0
   0.0942809   0.0026271 0.000946567
    0.282843   0.0353608  0.00626262
    0.471405   0.0902434   0.0108195
    0.659966    0.159347   0.0159792
    0.848528    0.245821   0.0244751
     1.03709    0.318285   0.0288409
     1.22565    0.426305   0.0362222
     1.41421    0.520967   0.0324309
     1.60278    0.513299   0.0354781
     1.79134    0.486152   0.0201657
      1.9799    0.423094   0.0255018
     2.16846    0.347991   0.0135158
     2.35702    0.339171   0.0167633
     2.54558    0.346013   0.0478778
     2.73415    0.291354   0.0193707
     2.92271    0.214822   0.0205427
     3.11127    0.178441   0.0165967
     3.29983    0.116135   0.0159233
     3.48839   0.0951184   0.0136961
     3.67696   0.0688392  0.00810845
     3.86552   0.0407541  0.00563629
     4.05408   0.0249315  0.00847657
     4.24264  0.00922894  0.00450537
      4.4312  0.00519145  0.00265374
     4.61976  0.00229973  0.00161779
     4.80833 0.000982093 0.000896524
     4.99689 0.000310996 0.000283899
     5.18545 0.000215515 0.000196737
     5.37401           0           0
     5.56257           0           0
   0.0942809  0.00259085 0.000812037
    0.282843   0.0336554  0.00559535
    0.471405    0.101633   0.0140423
    0.659966    0.163572   0.0142441
    0.848528     0.23935   0.0218172
     1.03709    0.331419   0.0275493
     1.22565    0.421336   0.0313864
     1.41421    0.533531   0.0301334
     1.60278    0.503846    0.031644
     1.79134     0.50057   0.0218392
      1.9799    0.430051   0.0227881
     2.16846    0.349452   0.0116637
     2.35702     0.34612    0.015743
     2.54558    0.332048   0.0430266
     2.73415    0.285197   0.0175546
     2.92271    0.207362   0.0189141
     3.11127     0.17814   0.0142284
     3.29983    0.116661   0.0136572
     3.48839   0.0868427   0.0140185
     3.67696   0.0646544  0.00795706
     3.86552    0.038173  0.00538981
     4.05408   0.0214704  0.00794086
     4.24264  0.00791052  0.00405006
      4.4312  0.00444982  0.00237601
     4.61976   0.0019712  0.00141964
     4.80833 0.000841794  0.00077935
     4.99689 0.000266568 0.000246794
     5.18545 0.000184727 0.000171024
     5.37401           0           0
     5.56257           0           0
   0.0942809  0.00310178  0.00085631
    0.282843   0.0344899  0.00495777
    0.471405    0.106713   0.0131739
    0.659966     0.16377    0.012465
    0.848528    0.244553   0.0197008
     1.03709    0.332029   0.0241124
     1.22565    0.412598   0.0286539
     1.41421    0.529636   0.0266173
     1.60278    0.508474   0.0280249
     1.79134    0.504951   0.0195437
      1.9799    0.431603   0.0199923
     2.16846     0.36897   0.0209164
     2.35702    0.356993    0.017123
     2.54558    0.333609   0.0376766
     2.73415    0.267657   0.0224754
     2.92271    0.204852   0.0167155
     3.11127    0.178553   0.0124559
     3.29983    0.108178   0.0143449
     3.48839   0.0814216   0.0132731
     3.67696   0.0593962   0.0085246
     3.86552   0.0354638  0.00535386
     4.05408   0.0221298  0.00697558
     4.24264  0.00740866  0.00357476
      4.4312  0.00389359  0.00214312
     4.61976   0.0017248  0.00126339
     4.80833  0.00073657 0.000688998
     4.99689 0.000233247 0.000218183
     5.18545 0.000161636 0.000151197
     5.37401           0           0
     5.56257           0           0
   0.0942809  0.00282806  0.00080372
    0.282843   0.0322854  0.00487243
    0.471405    0.108001    0.011773
    0.659966    0.163189   0.0110935
    0.848528    0.246985   0.0176613
     1.03709    0.339146   0.0224589
     1.22565    0.424202   0.0277206
     1.41421    0.517577   0.0262497
     1.60278    0.502933   0.0254529
     1.79134    0.510714   0.0182019
      1.9799    0.443873   0.0212045
     2.16846    0.384984   0.0239505
     2.35702    0.357067   0.0152206
     2.54558    0.319016    0.036206
     2.73415    0.260311   0.0211446
     2.92271    0.194196   0.0179361
     3.11127    0.182644   0.0117245
     3.29983    0.106353   0.0128665
     3.48839   0.0796204   0.0119199
     3.67696   0.0577034  0.00774366
     3.86552   0.0338349  0.00500064
     4.05408   0.0213878  0.00623986
     4.24264  0.00757485  0.00318143
      4.4312  0.00395747  0.00190595
     4.61976  0.00190962  0.00113645
     4.80833 0.000654729 0.000617284
     4.99689 0.000207331 0.000195473
     5.18545 0.000143677  0.00013546
     5.37401           0           0
     5.56257           0           0
   0.0942809  0.00278587 0.000724455
    0.282843   0.0308852  0.00458197
    0.471405     0.10942   0.0106808
    0.659966    0.161027   0.0101926
    0.848528    0.249113   0.0160228
     1.03709    0.347499   0.0217109
     1.22565    0.426493    0.025043
     1.41421    0.509361   0.0248775
     1.60278    0.504066   0.0229328
     1.79134     0.51564   0.0170352
      1.9799    0.451427   0.0203852
     2.16846    0.385252   0.0215569
     2.35702    0.362343   0.0145843
     2.54558    0.321578   0.0326759
     2.73415    0.254557   0.0197976
     2.92271    0.182727   0.0194673
     3.11127    0.178106   0.0113965
     3.29983     0.10961   0.0119848
     3.48839   0.0791256   0.0107382
     3.67696   0.0570678  0.00699533
     3.86552   0.0317642  0.00491064
     4.05408   0.0203735  0.00569771
     4.24264  0.00689593  0.00293483
      4.4312  0.00356172  0.00175596
     4.61976  0.00171866  0.00103873
     4.80833 0.000589256 0.000559017
     4.99689 0.000186598 0.000177022
     5.18545 0.000129309 0.000122673
     5.37401           0           0
     5.56257           0           0
   0.0942809  0.00349685 0.000945135
    0.282843   0.0315549  0.00421409
    0.471405    0.103029   0.0114635
    0.659966    0.158468  0.00958192
    0.848528    0.253612   0.0151847
     1.03709    0.345819   0.0198021
     1.22565    0.423257   0.0229746
     1.41421    0.516555   0.0236334
     1.60278    0.507026   0.0210382
     1.79134    0.531799   0.0218452
      1.9799    0.455893    0.019015
     2.16846    0.395236   0.0217868
     2.35702    0.355532   0.0147633
     2.54558     0.31568   0.0302329
     2.73415    0.248752   0.0188296
     2.92271    0.177119   0.0184875
     3.11127    0.174695   0.0108589
     3.29983    0.104963   0.0117615
     3.48839   0.0791477  0.00976199
     3.67696   0.0581057  0.00643593
     3.86552   0.0314285  0.00447568
     4.05408   0.0198115  0.00520738
     4.24264  0.00653984  0.00268954
      4.4312  0.00339417   0.0016043
     4.61976  0.00156242 0.000955974
     4.80833 0.000535687 0.000510757
     4.99689 0.000169634  0.00016174
     5.18545 0.000117554 0.000112083
     5.37401           0           0
     5.56257           0           0
   0.0942809  0.00375241 0.000900264
    0.282843   0.0325496  0.00397856
    0.471405    0.104752    0.010637
    0.659966    0.163067  0.00982525
    0.848528    0.260068   0.0152299
     1.03709    0.345316   0.0181583
     1.22565    0.418744   0.0214987
     1.41421    0.512704   0.0219755
     1.60278    0.507711   0.0192962
     1.79134    0.526628   0.0206277
      1.9799    0.453011   0.0176476
     2.16846     0.39847   0.0202099
     2.35702    0.357685   0.0136891
     2.54558    0.319368   0.0279376
     2.73415    0.250269   0.0173214
     2.92271    0.177436   0.0169496
     3.11127    0.169512   0.0111223
     3.29983    0.104853   0.0107819
     3.48839   0.0803229  0.00901894
     3.67696   0.0578835  0.00590344
     3.86552   0.0296415  0.00444516
     4.05408   0.0182642  0.00499803
     4.24264  0.00599486  0.00252002
      4.4312  0.00311132  0.00149534
     4.61976  0.00143222 0.000885132
     4.80833 0.000491046 0.000470141
     4.99689 0.000155498 0.000148878
     5.18545 0.000107757  0.00010317
     5.37401           0           0
     5.56257           0           0
   0.0942809   0.0034965 0.000866623
    0.282843   0.0334466  0.00377228
    0.471405    0.106479  0.00995788
    0.659966    0.160484  0.00940284
    0.848528    0.255727    0.014664
     1.03709    0.341562   0.0171452
     1.22565    0.414233   0.0203127
     1.41421    0.506187   0.0212295
     1.60278    0.507172   0.0178194
     1.79134    0.519491   0.0202381
      1.9799    0.467222   0.0212553
     2.16846    0.415871   0.0250501
     2.35702    0.366926   0.0154435
     2.54558    0.324918   0.0263339
     2.73415    0.252375   0.0161166
     2.92271    0.172488   0.0163519
     3.11127    0.164252   0.0114429
     3.29983    0.101672   0.0104114
     3.48839   0.0783559  0.00853699
     3.67696     0.05486  0.00617524
     3.86552   0.0277517  0.00448699
     4.05408   0.0172685  0.00471171
     4.24264  0.00601091  0.00232623
      4.4312  0.00303441  0.00138229
     4.61976  0.00132205 0.000823873
     4.80833 0.000453274 0.000435491
     4.99689 0.000143537 0.000137906
     5.18545 9.94684e-05 9.55661e-05
     5.37401           0           0
     5.56257           0           0
   0.0942809   0.0032526 0.000838342
    0.282843   0.0323319  0.00366381
    0.471405    0.103659  0.00963771
    0.659966     0.15835   0.0089702
    0.848528    0.257392   0.0137108
     1.03709    0.352134   0.0189011
     1.22565    0.419745   0.0195955
     1.41421    0.503531   0.0198786
     1.60278    0.503459   0.0169288
     1.79134    0.518184   0.0188347
      1.9799    0.469995   0.0199171
     2.16846    0.422004   0.0239998
     2.35702    0.367484   0.0143504
     2.54558    0.323464    0.024493
     2.73415    0.252255   0.0149658
     2.92271    0.170559   0.0152973
     3.11127    0.162078   0.0108302
     3.29983   0.0977568   0.0103777
     3.48839   0.0746496   0.0086946
     3.67696   0.0541308  0.00577703
     3.86552   0.0269023  0.00424611
     4.05408   0.0170978  0.00437825
     4.24264  0.00774684  0.00273205
      4.4312  0.00326546  0.00130272
     4.61976  0.00122762 0.000770417
     4.80833 0.000420897 0.000405586
     4.99689 0.000133284 0.000128436
     5.18545 9.23635e-05 8.90037e-05
     5.37401           0           0
     5.56257           0           0
   0.0942809  0.00314379 0.000789482
    0.282843   0.0336476  0.00364816
    0.471405    0.101826  0.00916788
    0.659966    0.158841  0.00838566
    0.848528    0.254976   0.0130079
     1.03709    0.348033   0.0180805
     1.22565    0.420281   0.0182965
     1.41421    0.505884   0.0186921
     1.60278    0.511467   0.0175927
     1.79134    0.516435   0.0176601
      1.9799    0.468325   0.0186591
     2.16846    0.425915   0.0227163
     2.35702    0.365621   0.0135141
     2.54558    0.323054   0.0228636
     2.73415    0.252146   0.0139685
     2.92271    0.169248   0.0143335
     3.11127    0.159194   0.0104852
     3.29983   0.0992154  0.00978782
     3.48839   0.0751006  0.00812666
     3.67696   0.0557043  0.00560207
     3.86552   0.0265874   0.0039747
     4.05408   0.0163147  0.00415579
     4.24264  0.00754356  0.00255747
      4.4312  0.00304776  0.00123393
     4.61976  0.00114577  0.00072339
     4.80833 0.000392837 0.000379517
     4.99689 0.000124398  0.00012018
     5.18545 8.62059e-05 8.32828e-05
     5.37401           0           0
     5.56257           0           0
   0.0942809  0.00354269 0.000834858
    0.282843   0.0347047  0.00357002
    0.471405    0.103769  0.00879854
    0.659966    0.158648  0.00786379
    0.848528    0.256788   0.0123203
     1.03709     0.34692   0.0169847
     1.22565    0.420731   0.0171585
     1.41421    0.501048   0.0181385
     1.60278    0.512457   0.0165209
     1.79134    0.511969   0.0171116
      1.9799    0.475215   0.0187219
     2.16846    0.429504   0.0215781
     2.35702    0.365803   0.0126707
     2.54558    0.321831   0.0214673
     2.73415    0.251447   0.0131129
     2.92271     0.16756   0.0135367
     3.11127    0.155131   0.0105879
     3.29983   0.0982778  0.00922087
     3.48839   0.0740406  0.00768757
     3.67696   0.0569951  0.00539861
     3.86552   0.0275099  0.00383182
     4.05408   0.0171467  0.00397847
     4.24264  0.00757337   0.0023978
      4.4312  0.00300561  0.00115752
     4.61976  0.00111713 0.000678745
     4.80833 0.000368285  0.00035659
     4.99689 0.000116624  0.00011292
     5.18545  8.0818e-05 7.82517e-05
     5.37401           0           0
     5.56257           0           0
   0.0942809  0.00442905  0.00116482
    0.282843   0.0358445  0.00353728
    0.471405    0.104745  0.00833489
    0.659966    0.158306  0.00740866
    0.848528    0.254438   0.0118175
     1.03709    0.341843   0.0167271
     1.22565    0.421568   0.0161696
     1.41421    0.499515   0.0171362
     1.60278    0.525755    0.020204
     1.79134    0.516502   0.0166946
      1.9799    0.474592    0.017631
     2.16846    0.426957   0.0204586
     2.35702     0.36257   0.0123308
     2.54558    0.314699   0.0213563
     2.73415    0.252076   0.0123566
     2.92271    0.162719   0.0135785
     3.11127    0.153591   0.0100765
     3.29983    0.103191  0.00990127
     3.48839   0.0757184  0.00741619
     3.67696   0.0567505  0.00508659
     3.86552   0.0275958  0.00360738
     4.05408   0.0168323  0.00375684
     4.24264  0.00758715  0.00225679
      4.4312  0.00334393   0.0011378
     4.61976  0.00141633 0.000701673
     4.80833 0.000530523 0.000370688
     4.99689 0.000109763 0.000106486
     5.18545  7.6064e-05  7.3793e-05
     5.37401           0           0
     5.56257           0           0
   0.0942809  0.00418572  0.00112524
    0.282843   0.0350289   0.0034335
    0.471405    0.103284  0.00799881
    0.659966    0.163437  0.00859203
    0.848528    0.258383   0.0118011
     1.03709    0.342436   0.0158083
     1.22565    0.422908   0.0153267
     1.41421    0.501166   0.0162636
     1.60278     0.52489      0.0191
     1.79134    0.515108   0.0158252
      1.9799    0.471323   0.0169518
     2.16846    0.424101   0.0195203
     2.35702    0.368055   0.0128075
     2.54558    0.311925   0.0203492
     2.73415    0.248778   0.0121024
     2.92271    0.161961   0.0128453
     3.11127    0.152979  0.00953521
     3.29983     0.10293  0.00935465
     3.48839   0.0762522  0.00702336
     3.67696   0.0563067  0.00482333
     3.86552   0.0285316  0.00352625
     4.05408   0.0165492  0.00355878
     4.24264  0.00743844  0.00213631
      4.4312  0.00319726    0.001084
     4.61976  0.00147132 0.000664842
     4.80833 0.000501049 0.000351264
     4.99689 0.000103665 0.000100745
     5.18545 7.18383e-05 6.98142e-05
     5.37401           0           0
     5.56257           0           0
   0.0942809  0.00429967  0.00107177
    0.282843   0.0351917  0.00325665
    0.471405    0.104452  0.00766264
    0.659966    0.168532  0.00953184
    0.848528    0.258028   0.0111854
     1.03709    0.342178   0.0149784
     1.22565    0.423331   0.0145258
     1.41421    0.499148   0.0155323
     1.60278    0.526291   0.0181461
     1.79134    0.515631    0.015001
      1.9799    0.469995   0.0161115
     2.16846    0.421533   0.0186611
     2.35702    0.364598   0.0125911
     2.54558    0.307728   0.0197062
     2.73415    0.250906    0.011651
     2.92271    0.166717   0.0130201
     3.11127    0.153579  0.00905224
     3.29983     0.10125  0.00901178
     3.48839   0.0737931  0.00707114
     3.67696   0.0554185  0.00465053
     3.86552   0.0297824  0.00355558
     4.05408   0.0167369  0.00337643
     4.24264  0.00846409  0.00225669
      4.4312  0.00335893  0.00103894
     4.61976  0.00171435 0.000672807
     4.80833 0.000474678 0.000333765
     4.99689 9.82093e-05 9.55899e-05
     5.18545 6.80573e-05 6.62421e-05
     5.37401           0           0
     5.56257           0           0
   0.0942809  0.00410269  0.00103612
    0.282843   0.0339878  0.00330886
    0.471405    0.104139   0.0072859
    0.659966     0.16903  0.00906826
    0.848528    0.257767   0.0106291
     1.03709    0.342404   0.0142312
     1.22565    0.424019   0.0138159
     1.41421    0.498481     0.01477
     1.60278     0.52201   0.0177366
     1.79134    0.516972   0.0143107
      1.9799    0.474843   0.0160186
     2.16846    0.424912   0.0180314
     2.35702    0.363459    0.012013
     2.54558    0.306734    0.018746
     2.73415    0.250461   0.0110769
     2.92271     0.16743   0.0123886
     3.11127    0.150448  0.00912508
     3.29983    0.100258  0.00861568
     3.48839    0.074283  0.00673454
     3.67696   0.0566217  0.00457102
     3.86552   0.0309286  0.00355774
     4.05408   0.0163649  0.00322803
     4.24264  0.00821439  0.00215762
      4.4312  0.00319098  0.00100047
     4.61976  0.00162864 0.000644604
     4.80833 0.000450944  0.00031792
     4.99689 9.32988e-05 9.09364e-05
     5.18545 6.46544e-05 6.30174e-05
     5.37401           0           0
     5.56257           0           0
