#          T          mu       sigma           H       Error
           3    0.557043     1.00017   -0.168935   0.0292778
        2.94    0.471277     1.04209   -0.135576    0.033453
      2.8812     1.06316     1.51452     5.33909     0.27585
     2.82358    0.964402    0.908754    0.197616   0.0367664
      2.7671     1.17125    0.614113    0.143951   0.0170784
     2.71176    0.919884    0.819835   -0.117219   0.0199065
     2.65753    0.692295    0.445406    -0.10744   0.0183154
     2.60438    0.898017    0.839152   -0.106751   0.0356377
     2.55229   0.0620303    0.653516    0.168649   0.0156994
     2.50124     1.25134    0.514487    0.426697    0.021307
     2.45122    0.427038    0.836601   -0.258769   0.0120449
     2.40219     1.24645    0.410861    0.613465   0.0199249
     2.35415    0.451302    0.960809   -0.245577   0.0251079
     2.30707    0.918903     0.35093    0.824332   0.0380887
     2.26093     0.56963     1.41172     1.55713    0.227738
     2.21571    0.678564     1.18743    0.545131   0.0806121
     2.17139    0.460601    0.931911   -0.280887   0.0133952
     2.12797    0.441786    0.370788    0.382516   0.0275749
     2.08541     1.61198    0.415384     2.89204   0.0452867
      2.0437    0.574283    0.711495   -0.311737   0.0128233
     2.00282    0.642371     1.09453    0.119313   0.0614505
     1.96277     1.25063     0.76235     1.02043   0.0840778
     1.92351    0.538485     1.00659   -0.143721   0.0391495
     1.88504   0.0971574    0.426984     1.05345   0.0296614
     1.84734    0.314485     1.60611      2.2411    0.199797
     1.81039     1.44544    0.519626     1.48357   0.0421032
     1.77419    0.240671     1.30903    0.288681    0.060635
      1.7387     0.75343    0.350477    0.794469   0.0318963
     1.70393   0.0597341     1.05612   -0.241279    0.020599
     1.66985     1.09226    0.435641    0.229739    0.014112
     1.63645    0.552059    0.554053   -0.208512  0.00878583
     1.60372    0.102304    0.742465 -0.00493191   0.0148813
     1.57165     0.82248    0.862025   -0.152963   0.0337422
     1.54022      0.9092    0.542759   -0.333982  0.00771069
     1.50941    0.986502    0.528112   -0.229048  0.00867543
     1.47922     1.19918    0.362316    0.778029   0.0246694
     1.44964    0.586944     0.61276   -0.302469  0.00835942
     1.42065     0.10283    0.950275   -0.242764  0.00934745
     1.39223    0.416699    0.892584   -0.244587    0.018131
     1.36439   0.0541649    0.495235    0.703618   0.0225766
      1.3371    0.512169    0.967681   -0.243727   0.0192143
     1.31036    0.497194    0.757953   -0.268499  0.00956766
     1.28415    0.186812    0.879282   -0.188785   0.0104585
     1.25847    0.480699    0.435322   0.0756316   0.0169399
      1.2333   0.0168197     1.16823   -0.146313   0.0328202
     1.20863    0.219507    0.949852   -0.255247   0.0106131
     1.18446     0.65325     0.49191   -0.244708   0.0156674
     1.16077    0.949644    0.893234    0.187664    0.058162
     1.13756   0.0524939     1.15215  -0.0965508   0.0380642
     1.11481    0.889957     1.00226    0.335546   0.0602385
     1.09251    0.563614    0.898206   -0.267916   0.0179275
     1.07066     0.48481     1.44011     1.34254    0.156882
     1.04925    0.194195    0.999314   -0.264042   0.0146248
     1.02826      0.9737    0.763218   -0.148765    0.024574
      1.0077      1.0463    0.653044   -0.159857   0.0225298
    0.987542      1.3347    0.583731    0.900792   0.0470285
    0.967791    0.219705     0.78614   -0.118927   0.0107318
    0.948435     1.00821    0.571211   -0.258388   0.0073334
    0.929466    0.722058    0.811343   -0.312921   0.0167962
    0.910877    0.437594    0.781943   -0.232759   0.0135853
    0.892659    0.267978     1.06965   -0.217568   0.0301792
    0.874806    0.780274    0.802869   -0.287526   0.0192934
     0.85731    0.917049    0.786713   -0.180166     0.02314
    0.840164    0.152235    0.591397    0.331708   0.0174352
    0.823361    0.793874    0.709725   -0.392522   0.0136706
    0.806893    0.626456    0.844613   -0.294946   0.0132409
    0.790756    0.162682     1.32181     0.28453    0.061959
     0.77494   0.0838552    0.896241   -0.203495   0.0100374
    0.759442    0.254933    0.977383   -0.246074   0.0156992
    0.744253    0.388431    0.623263  -0.0456365   0.0157011
    0.729368    0.316162    0.873085   -0.237707   0.0095372
     0.71478    0.465723     1.09887   -0.112926   0.0286395
    0.700485    0.345773    0.682336  -0.0650549   0.0122244
    0.686475     1.01097     1.02069    0.980208    0.121281
    0.672746    0.775839    0.763073   -0.354825   0.0155669
    0.659291    0.857582    0.702908   -0.382089   0.0122793
    0.646105    0.693568     1.39116     1.38836     0.17381
    0.633183    0.295106    0.711935  -0.0758492   0.0112317
    0.620519    0.757645    0.548754   -0.403834  0.00903193
    0.608109    0.402111    0.986286   -0.199122    0.020406
    0.595947    0.470138    0.747227   -0.254192  0.00770177
    0.584028    0.751204    0.464481   -0.162935    0.016915
    0.572347     1.02345    0.934609    0.475117   0.0511836
      0.5609    0.144502     1.27398   0.0914998   0.0352585
    0.549682    0.756395     0.51905   -0.368123  0.00994108
    0.538688    0.768239    0.604937   -0.446483  0.00484638
    0.527915      1.0233    0.654142   -0.207748   0.0236925
    0.517356    0.704011    0.573217   -0.396057  0.00778579
    0.507009    0.169784    0.929719   -0.233086   0.0159798
    0.496869    0.453785     1.02188   -0.221228   0.0157688
    0.486932    0.164071    0.957133   -0.240862  0.00979774
    0.477193    0.780109    0.831484   -0.243047   0.0260015
    0.467649    0.856736    0.649089    -0.41576   0.0134678
    0.458296    0.163162     1.20752  -0.0430294   0.0604525
     0.44913    0.764918    0.675514   -0.429343  0.00548083
    0.440148    0.587021    0.697788   -0.303072  0.00678893
    0.431345     1.02561    0.738456  -0.0858099   0.0296415
    0.422718    0.733169    0.618799    -0.42681   0.0055362
    0.414264    0.873192     0.48587   -0.194186   0.0136806
    0.405978    0.810462    0.634453   -0.446252   0.0057716
    0.397859    0.452595    0.663134   -0.169745   0.0116692
    0.389901   0.0143142    0.773729  -0.0526452   0.0116489
    0.382103    0.557985    0.877069    -0.27577   0.0166908
    0.374461     1.07131    0.525853  -0.0866197   0.0120228
    0.366972    0.484715     1.15252   0.0750438   0.0452515
    0.359633    0.890947    0.690023   -0.358318   0.0153421
     0.35244    0.721602    0.657739   -0.418635  0.00444303
    0.345391    0.154999     1.24257   0.0214104   0.0405732
    0.338483    0.725708    0.489595   -0.260004   0.0140198
    0.331714    0.083996    0.867718   -0.208448   0.0120072
    0.325079    0.511393    0.840125   -0.274821   0.0172909
    0.318578    0.529512     0.56907   -0.179261   0.0115329
    0.312206    0.624779    0.484366   -0.210123   0.0126296
    0.305962    0.582972    0.668415   -0.314293  0.00999926
    0.299843    0.449994    0.926559   -0.218101   0.0226135
    0.293846     0.50174    0.866519   -0.271889   0.0152166
    0.287969     0.10019    0.740487  -0.0347794   0.0135606
     0.28221    0.208526     1.14545   -0.174536   0.0278546
    0.276566    0.503114    0.795775   -0.304018   0.0104219
    0.271034     0.25432     1.07071   -0.211106   0.0234892
    0.265614   0.0347342    0.906959   -0.199859  0.00992651
    0.260301   0.0166111    0.885531   -0.209099  0.00966872
    0.255095    0.604188    0.562993   -0.297851  0.00929052
    0.249993     1.06598    0.676191  -0.0149446   0.0259485
    0.244994    0.636935    0.509972   -0.283899   0.0107286
    0.240094    0.399627    0.673582  -0.0980129  0.00890201
    0.235292   0.0447984     1.02937   -0.241836   0.0156651
    0.230586    0.481215    0.585515    -0.14545  0.00982073
    0.225974    0.133348     1.15831   -0.153016   0.0396364
    0.221455    0.953452    0.548303   -0.317367  0.00682067
    0.217026    0.860708    0.751678   -0.327128   0.0194532
    0.212685    0.629952    0.635928   -0.358427  0.00482304
    0.208431    0.707995    0.619544   -0.407505  0.00389913
    0.204263    0.827845    0.678792     -0.4052   0.0104557
    0.200178    0.380345     1.15125  -0.0995886   0.0323775
    0.196174    0.716525     1.15104    0.289135   0.0634917
    0.192251    0.860604    0.782794   -0.251707   0.0259825
    0.188406    0.848531    0.714224   -0.384305   0.0101162
    0.184637    0.865197    0.710644   -0.363849   0.0123021
    0.180945   0.0941217    0.985347   -0.276838   0.0126437
    0.177326    0.018123     1.11051   -0.183241   0.0399605
    0.173779    0.111862     0.92555   -0.226874   0.0190452
    0.170304    0.297325    0.810599   -0.195639  0.00858964
    0.166898     0.82673    0.636706   -0.441885  0.00514972
     0.16356    0.891069    0.620344    -0.40355   0.0105488
    0.160288    0.868299    0.442549   0.0366483    0.020836
    0.157083    0.707821    0.646931   -0.404635  0.00836011
    0.153941    0.511391    0.742726   -0.249088  0.00881057
    0.150862    0.545629    0.710034   -0.292704  0.00962997
    0.147845    0.995834    0.612668   -0.290007  0.00747746
    0.144888    0.362939    0.673199  -0.0876382   0.0113353
     0.14199     0.24043    0.974896   -0.267701   0.0138318
     0.13915    0.723727    0.686501   -0.411877  0.00665435
    0.136367    0.881805    0.503202   -0.290878   0.0114825
     0.13364    0.790043    0.620776   -0.440044  0.00521873
    0.130967    0.940846     0.70724   -0.296548   0.0156945
    0.128348     0.83908    0.715772   -0.368796   0.0143154
    0.125781    0.931032    0.617146   -0.387945  0.00752527
    0.123265    0.769726    0.578048   -0.419682  0.00802985
      0.1208    0.646154    0.702789   -0.368414  0.00718064
    0.118384    0.570868    0.553121   -0.270077  0.00827067
    0.116016    0.759645    0.816694   -0.271008    0.020021
    0.113696    0.562643    0.858459   -0.288332    0.013341
    0.111422    0.803437    0.685478   -0.410081   0.0115075
    0.109194    0.763344     0.50216   -0.296977   0.0142445
     0.10701    0.472053    0.790146    -0.26582   0.0116795
     0.10487    0.750967    0.608524   -0.428638  0.00438688
    0.102772    0.762776     0.57147   -0.435206   0.0087791
    0.100717     1.04723     0.59388   -0.194866   0.0138299
   0.0987025    0.882315     0.63642   -0.403356   0.0103035
   0.0967284    0.800999    0.641546   -0.441342  0.00422998
   0.0947939    0.609334    0.852719   -0.267431   0.0180368
    0.092898    0.657937    0.617875   -0.387173  0.00543257
     0.09104    0.722283    0.640071    -0.42229  0.00466631
   0.0892192     0.96144    0.608721   -0.313675   0.0191479
   0.0874348    0.844361     0.66609   -0.434806  0.00811046
   0.0856861    0.781634    0.642822   -0.419921  0.00733832
   0.0839724    0.842659    0.637049   -0.436794   0.0058243
    0.082293    0.810752    0.621465   -0.448566  0.00454332
   0.0806471    0.423302     1.02987   -0.238722   0.0224877
   0.0790342    0.812201    0.478089   -0.198008   0.0133161
   0.0774535    0.698855     0.65325    -0.40524  0.00487432
   0.0759044     0.44735     0.87965   -0.260036   0.0178807
   0.0743863    0.479606    0.808833   -0.273571   0.0110169
   0.0728986    0.664119    0.577981   -0.367645  0.00672306
   0.0714406    0.634726    0.559301   -0.321618  0.00878574
   0.0700118     0.92586    0.639506   -0.369391  0.00971813
   0.0686116    0.759404    0.654352   -0.433357  0.00468907
   0.0672393    0.658947    0.580098    -0.37165  0.00677551
   0.0658946    0.904255     0.64472   -0.405402  0.00638171
   0.0645767    0.929035    0.531202   -0.314262  0.00773234
   0.0632851    0.774092    0.615769   -0.448256  0.00647988
   0.0620194    0.955736    0.690266   -0.289279   0.0132843
    0.060779     0.74955    0.609279   -0.445582  0.00573839
   0.0595635    0.680936    0.499048   -0.276286   0.0185431
   0.0583722    0.784502    0.704683   -0.388714   0.0127589
   0.0572047    0.852616    0.545247   -0.361907  0.00998023
   0.0560607    0.825643    0.619061   -0.436886  0.00489609
   0.0549394    0.933389     0.61155   -0.378722  0.00884066
   0.0538407    0.693289     0.61365   -0.405659  0.00478722
   0.0527638    0.692658    0.730998   -0.366215   0.0108041
   0.0517086    0.947055    0.594473   -0.361305  0.00773168
   0.0506744    0.717216    0.644056   -0.420986   0.0049878
   0.0496609    0.693906     0.81714   -0.316007   0.0089468
   0.0486677    0.640832    0.577009   -0.341378  0.00605845
   0.0476943    0.762121    0.698612   -0.397001  0.00950565
   0.0467404    0.933728     0.63624   -0.359122   0.0113299
   0.0458056    0.867199    0.664317   -0.394514   0.0101703
   0.0448895    0.721834    0.651082   -0.418938  0.00510818
   0.0439917    0.768382    0.571896   -0.425836   0.0077865
   0.0431119    0.767823    0.658087   -0.427074  0.00671256
   0.0422497    0.740471    0.660559   -0.422824  0.00573167
   0.0414047    0.800204    0.666102   -0.440303  0.00570697
   0.0405766    0.847885    0.616409    -0.43654  0.00621417
    0.039765     0.83323    0.687144   -0.406231   0.0101664
   0.0389697    0.832447    0.754159   -0.361224   0.0171449
   0.0381903    0.648903    0.660439   -0.363768   0.0118306
   0.0374265    0.832043    0.589427   -0.425722  0.00422953
    0.036678     0.78959    0.593924   -0.436369  0.00557319
   0.0359444    0.736653    0.706442   -0.405436  0.00860123
   0.0352256    0.820645     0.62153   -0.437975  0.00797646
    0.034521    0.798558    0.707487   -0.409932   0.0123243
   0.0338306    0.624098    0.614345   -0.351528  0.00752355
    0.033154    0.722521    0.588889   -0.419556  0.00673561
   0.0324909    0.828967    0.621225   -0.430617   0.0083771
   0.0318411    0.750471    0.638762   -0.439515  0.00585064
   0.0312043    0.680004    0.522715    -0.31463  0.00978289
   0.0305802    0.875252    0.563269   -0.403459  0.00801992
   0.0299686    0.879279    0.644763   -0.396854  0.00965731
   0.0293692    0.828542    0.619594   -0.440627   0.0088311
   0.0287818    0.839606    0.654415   -0.435758   0.0148332
   0.0282062    0.746239    0.662471   -0.419826  0.00745007
   0.0276421    0.840116    0.667216   -0.424707  0.00731684
   0.0270892     0.78922    0.652462   -0.434596   0.0066371
   0.0265475    0.718038    0.601822   -0.421751  0.00459385
   0.0260165     0.82012     0.59383   -0.443959  0.00563868
   0.0254962    0.720587    0.690832   -0.410684   0.0076016
   0.0249863    0.731569    0.688071   -0.407708  0.00763696
   0.0244865    0.706893     0.57058   -0.391296  0.00562943
   0.0239968    0.642664      0.5636   -0.344415  0.00730212
   0.0235169    0.733519    0.649556   -0.428486  0.00438818
   0.0230465    0.716792    0.560414   -0.406843  0.00836052
   0.0225856    0.740795    0.602241   -0.433016   0.0055219
   0.0221339    0.746577    0.648112   -0.420605  0.00818235
   0.0216912    0.763455    0.635579   -0.442282  0.00415714
   0.0212574    0.781605    0.637338   -0.442036  0.00547271
   0.0208322    0.739723    0.635777   -0.424787  0.00620268
   0.0204156    0.757371     0.59319   -0.435064  0.00383787
   0.0200073    0.856731    0.635213   -0.438695  0.00784262
   0.0196071    0.823477    0.658354   -0.435498  0.00649424
    0.019215    0.795804    0.670732   -0.435142  0.00561819
   0.0188307    0.708377    0.638514   -0.424885  0.00480866
   0.0184541    0.697083    0.696589   -0.389072  0.00890422
    0.018085    0.711267      0.6094   -0.412562  0.00549524
   0.0177233    0.732788    0.574975   -0.414988  0.00598897
   0.0173688    0.849962    0.640559   -0.423573  0.00783165
   0.0170215    0.791981    0.686404   -0.428031  0.00956538
    0.016681    0.770658    0.722989   -0.385999   0.0102127
   0.0163474    0.758926    0.666953   -0.433117  0.00761522
   0.0160205    0.802091    0.572207   -0.425304  0.00722952
      0.0157    0.762688    0.617763   -0.439034  0.00556572
    0.015386    0.751017    0.633678   -0.444761  0.00466025
   0.0150783    0.757305     0.59419   -0.430587  0.00599166
   0.0147768    0.726699    0.551364   -0.397473  0.00896561
   0.0144812    0.734101    0.558851   -0.416072  0.00819739
   0.0141916    0.721643     0.59164   -0.415559  0.00508894
   0.0139078    0.719654    0.555813   -0.393946  0.00852867
   0.0136296    0.716625    0.564634   -0.395284  0.00661109
    0.013357    0.777525    0.638435   -0.441844  0.00694537
   0.0130899    0.775343    0.621268   -0.442812  0.00341014
   0.0128281    0.773528    0.644064   -0.435899   0.0056903
   0.0125715    0.813834    0.645233   -0.444419  0.00639683
   0.0123201    0.764784    0.594278    -0.43619  0.00519108
   0.0120737    0.792797    0.568175    -0.42947  0.00659922
   0.0118322    0.739197    0.573286   -0.419256  0.00705014
   0.0115956    0.741233    0.611302   -0.436975  0.00352923
   0.0113637    0.811201    0.606414   -0.435925   0.0106586
   0.0111364     0.87121    0.616669     -0.4257  0.00628098
   0.0109137    0.849485     0.62106   -0.442931  0.00600785
   0.0106954     0.82879     0.62193   -0.444613  0.00494053
   0.0104815    0.861227    0.624462   -0.430291  0.00633389
   0.0102718    0.896144    0.627224    -0.41318  0.00659801
   0.0100664    0.878162    0.612688   -0.429703  0.00710867
