# Generation        L(1)
       0     408.974
       1     391.432
       2     370.774
       3     366.249
       4     347.181
       5     344.603
       6     338.272
       7     331.759
       8     317.894
       9     315.289
      10     309.765
      11     309.051
      12     301.103
      13     298.548
      14      293.76
      15     288.946
      16     284.574
      17     280.459
      18     273.754
      19     270.922
      20     266.718
      21     261.865
      22     258.314
      23     252.735
      24     251.184
      25     245.038
      26     242.426
      27     242.426
      28     237.828
      29     235.901
      30     229.752
      31     229.752
      32     227.293
      33      224.96
      34     224.106
      35     222.242
      36     219.937
      37     217.379
      38     216.721
      39     214.018
      40     211.975
      41     209.912
      42     208.422
      43     206.951
      44     204.722
      45       203.8
      46      200.82
      47     197.018
      48     197.018
      49     196.418
      50     193.936
      51     188.834
      52     188.834
      53     186.607
      54     186.374
      55     186.374
      56     184.252
      57     184.019
      58     182.918
      59     182.918
      60      182.48
      61     180.173
      62     179.972
      63     179.678
      64     177.711
      65     176.298
      66     176.298
      67     175.731
      68     173.831
      69     173.143
      70     170.677
      71     170.148
      72     169.297
      73     167.881
      74     166.337
      75     165.217
      76     165.217
      77     163.327
      78     162.619
      79     161.575
      80      159.86
      81     159.739
      82     159.739
      83     159.445
      84     158.383
      85      157.74
      86     157.523
      87     157.369
      88     156.509
      89     155.308
      90     155.308
      91     154.863
      92     154.863
      93     153.336
      94     151.287
      95     150.842
      96     150.034
      97     148.933
      98     148.933
      99     147.874
     100     147.872
     101     147.473
     102     146.759
     103     146.358
     104     146.244
     105     145.638
     106      144.17
     107     143.174
     108     142.478
     109     142.265
     110     141.962
     111     141.962
     112     141.558
     113     139.677
     114      138.64
     115     138.431
     116      136.11
     117     133.418
     118     132.395
     119     132.395
     120     131.065
     121     130.471
     122     129.448
     123     128.695
     124     128.695
     125     128.695
     126     128.693
     127     128.064
     128     128.061
     129     127.571
     130      125.44
     131     124.746
     132     124.336
     133     124.336
     134     122.767
     135     122.357
     136     122.261
     137     122.261
     138     121.699
     139     121.648
     140     120.321
     141     119.795
     142      119.05
     143     117.771
     144     117.171
     145     117.068
     146     116.507
     147     116.507
     148     116.507
     149     116.507
     150     116.497
     151     116.497
     152     116.075
     153     115.955
     154     115.955
     155       115.8
     156       115.8
     157       115.8
     158     115.239
     159     115.233
     160     114.604
     161     114.293
     162     113.023
     163     112.721
     164      112.72
     165     112.127
     166      110.69
     167      110.69
     168      110.69
     169     110.664
     170     110.248
     171       109.8
     172     109.336
     173     109.317
     174     108.628
     175     106.747
     176     106.747
     177     106.747
     178     106.747
     179     106.653
     180     106.643
     181     106.183
     182     106.183
     183     105.141
     184     105.137
     185     104.538
     186     103.683
     187     103.683
     188     103.683
     189     103.683
     190     103.614
     191     103.614
     192     103.614
     193     103.037
     194     102.968
     195      101.96
     196      101.96
     197      101.96
     198      101.96
     199      101.96
     200      101.96
     201      101.96
     202      101.96
     203      101.96
     204      101.96
     205      101.96
     206     101.822
     207     101.822
     208     100.993
     209     100.993
     210     100.518
     211     100.518
     212     99.4882
     213     99.4396
     214     99.4396
     215     99.3624
     216     99.3138
     217     99.3138
     218     99.3138
     219     99.3138
     220     99.3138
     221     99.3138
     222     99.3138
     223     99.3138
     224     99.3138
     225     99.3138
     226     99.3138
     227     99.3138
     228     99.3138
     229     98.8975
     230     98.6811
     231     98.6811
     232     98.6811
     233     98.6811
     234     98.3593
     235     98.3593
     236     98.2031
     237     98.1004
     238     98.1004
     239     98.0687
     240     98.0687
     241     97.4337
     242     97.4337
     243     97.4337
     244     97.4337
     245     97.4337
     246     97.3609
     247      94.496
     248      94.496
     249      94.496
     250     90.0437
     251     90.0437
     252     90.0437
     253     89.7854
     254     89.7854
     255     89.4959
     256     89.2377
     257     89.2377
     258     89.2377
     259     89.2377
     260     89.2377
     261     89.2377
     262     89.2377
     263     89.2377
     264     89.2016
     265     89.1803
     266     89.1443
     267     89.0924
     268     89.0924
     269     89.0924
     270     89.0924
     271     89.0924
     272     88.9438
     273     88.9438
     274     88.9438
     275     88.7909
     276     88.7909
     277     88.7507
     278     88.5508
     279     87.7674
     280     87.7674
     281     87.7674
     282     87.7674
     283     87.7674
     284     87.7674
     285     87.7674
     286     87.7674
     287     87.7674
     288     86.9662
     289     86.9662
     290     86.9662
     291     86.9463
     292     86.9463
     293     86.9463
     294     86.9463
     295     86.9463
     296     86.9463
     297     86.6974
     298     86.6974
     299     86.1298
     300     85.6028
     301     85.2045
     302     83.8159
     303     83.8159
     304     83.7222
     305     83.7222
     306      82.718
     307     82.5566
     308     82.5566
     309     82.5566
     310     82.3517
     311     81.3758
     312     81.1709
     313     81.1709
     314     81.1709
     315     81.1709
     316     81.1709
     317     80.9371
     318     80.9371
     319     80.9371
     320     80.9371
     321     80.9371
     322     80.9371
     323     80.9371
     324     80.9371
     325     80.9371
     326     80.9371
     327     80.9371
     328     80.9371
     329     80.9371
     330     80.9371
     331     80.9371
     332     80.9371
     333     80.9371
     334     80.9114
     335     80.9114
     336     80.9114
     337     80.6399
     338     80.6399
     339     80.6399
     340     80.6399
     341     80.5228
     342     80.5228
     343     80.5228
     344     80.5228
     345     80.5228
     346     80.5228
     347     80.5228
     348     80.5228
     349     80.3812
     350     80.3812
     351     80.3812
     352     80.3812
     353     80.3812
     354     80.3812
     355     80.3812
     356     80.3812
     357     80.3812
     358     80.3812
     359     80.3812
     360       80.38
     361       80.38
     362       80.38
     363       80.38
     364       80.38
     365       80.38
     366       80.38
     367       80.38
     368       80.38
     369     80.3546
     370     80.3546
     371     80.3546
     372     80.3546
     373     80.3546
     374     80.3546
     375     80.3546
     376     80.3546
     377     80.3546
     378     80.3492
     379     80.1159
     380     80.1104
     381     80.1104
     382     80.1104
     383     80.1104
     384     80.0881
     385     80.0827
     386     79.7832
     387     79.7832
     388     79.7832
     389     79.7832
     390     79.7832
     391     79.7832
     392     79.7832
     393     79.7832
     394     79.7376
     395     79.6407
     396     79.6407
     397     79.3765
     398     79.3765
     399     79.3765
     400     79.3765
     401     79.3765
     402     79.3765
     403     79.3765
     404     79.3765
     405     79.3765
     406     79.3765
     407     79.3765
     408     78.9347
     409     78.9347
     410     78.7173
     411     78.7173
     412     78.6634
     413     78.6634
     414     78.6634
     415     78.5313
     416     78.5313
     417     78.4299
     418     78.4299
     419     78.4299
     420     78.4299
     421     78.4299
     422     78.2122
     423     78.2122
     424     78.2122
     425     78.2122
     426     78.2122
     427     78.2122
     428     78.2122
     429     78.2122
     430     78.2122
     431     78.2122
     432     78.2122
     433     78.2122
     434     78.2122
     435     78.2122
     436     78.2122
     437     78.2122
     438     78.2122
     439     78.2122
     440     78.2122
     441     78.2122
     442     78.2122
     443     78.2122
     444     78.2122
     445     78.2122
     446     78.2122
     447     78.2122
     448     78.2122
     449     78.2122
     450     78.2122
     451     78.2122
     452     77.0959
     453     77.0959
     454     77.0959
     455     77.0959
     456     77.0959
     457     77.0959
     458     77.0959
     459     77.0959
     460     77.0959
     461     77.0959
     462     77.0959
     463     77.0959
     464     77.0959
     465     77.0959
     466     77.0959
     467     77.0959
     468     77.0959
     469     77.0959
     470     77.0959
     471     77.0959
     472     77.0959
     473     77.0959
     474     77.0959
     475     77.0959
     476     77.0959
     477     77.0959
     478     77.0959
     479     77.0959
     480     77.0959
     481     77.0543
     482     76.5674
     483     76.5259
     484     76.0698
     485     76.0282
     486     76.0282
     487     76.0282
     488     76.0282
     489     76.0282
     490     76.0282
     491     76.0282
     492     76.0282
     493     76.0282
     494     75.9008
     495     75.9008
     496     75.9008
     497     75.9008
     498     75.9008
     499     75.9008
     500     75.9008
     501     75.9008
     502     75.9008
     503     75.9008
     504     75.9008
     505     75.9008
     506     75.9008
     507     75.9008
     508     75.9008
     509     75.9008
     510     75.9008
     511     75.9008
     512     75.9008
     513     75.9008
     514     75.9008
     515     75.9008
     516     75.9008
     517     75.9008
     518     75.9008
     519     75.9008
     520     75.9008
     521     75.9008
     522     75.9008
     523     75.9008
     524     75.9008
     525     75.8554
     526     75.8554
     527     75.8554
     528     75.8554
     529     75.6125
     530     75.6125
     531     75.6125
     532     75.6125
     533     75.6125
     534     75.6125
     535     75.6125
     536     75.6125
     537     75.6125
     538     75.6125
     539     75.6125
     540     75.1935
     541     75.1935
     542     75.1935
     543     75.1935
     544     75.1935
     545     75.1935
     546     75.1935
     547     75.1935
     548     74.5315
     549     74.5315
     550     74.5315
     551     74.5315
     552     74.5315
     553     74.5315
     554     74.5315
     555     74.5315
     556     74.5315
     557     74.5315
     558     74.4944
     559     73.8126
     560     73.8126
     561     73.8126
     562     73.8126
     563     73.8126
     564     73.8126
     565     73.8126
     566     73.8126
     567     73.8126
     568     73.8126
     569     73.8126
     570     73.8126
     571     73.8126
     572     73.8126
     573     73.8126
     574     73.8126
     575     73.8126
     576     73.8126
     577     73.8126
     578     73.8126
     579     73.8126
     580     73.7805
     581     73.7805
     582     73.7805
     583     73.7805
     584     73.7805
     585     73.7805
     586     73.7805
     587     73.7805
     588     73.7805
     589     73.7805
     590     73.7805
     591     73.7805
     592     73.7805
     593     73.7805
     594     73.3574
     595     73.1262
     596     73.1262
     597     73.1262
     598     73.1262
     599     73.1262
     600     73.1262
     601     73.1262
     602     73.1262
     603     73.1262
     604     73.1262
     605     73.1262
     606     73.1262
     607     73.1262
     608     73.1262
     609     73.1262
     610     73.1262
     611     73.1262
     612     73.1262
     613     73.1262
     614     73.1262
     615     73.1262
     616     73.1262
     617     73.1262
     618     73.1262
     619     73.1262
     620     73.1262
     621     73.1262
     622     73.1262
     623     73.1262
     624     73.1262
     625     73.1262
     626     73.1262
     627     73.1262
     628     73.1262
     629     73.1262
     630     73.1262
     631     73.1262
     632     73.1262
     633     73.1262
     634     73.1262
     635     73.1262
     636     73.1262
     637     73.1262
     638     73.1262
     639     73.1262
     640     73.1262
     641     73.1262
     642     73.1262
     643     73.1262
     644     73.1262
     645     73.1262
     646     73.1262
     647     73.1262
     648     73.1262
     649     73.1262
     650     73.1262
     651     73.1262
     652     73.1262
     653     73.1262
     654     73.1262
     655     73.1262
     656     73.1262
     657     73.1262
     658     73.1262
     659     73.1262
     660     73.1262
     661     73.1262
     662     73.1262
     663     73.1262
     664     73.1262
     665     72.8752
     666     72.8752
     667     72.8752
     668     72.8752
     669     72.8752
     670     72.8752
     671     72.8752
     672     72.8752
     673     72.8752
     674     72.8752
     675     72.8752
     676     72.8752
     677     72.6588
     678     72.6588
     679     72.6588
     680     72.6588
     681     72.6588
     682     72.6588
     683     72.6588
     684     72.6588
     685     72.6588
     686     72.6588
     687     72.6588
     688     72.6588
     689     72.6588
     690     72.6588
     691      72.336
     692      72.336
     693      72.336
     694      72.336
     695      72.336
     696      72.336
     697      72.336
     698      72.336
     699      72.336
     700      72.336
     701      72.336
     702      72.336
     703      72.336
     704      72.336
     705      72.336
     706      72.336
     707      72.336
     708      72.336
     709      72.336
     710      72.336
     711      72.336
     712      72.336
     713      72.336
     714      72.336
     715      72.336
     716      72.336
     717      72.336
     718      72.336
     719      72.336
     720      72.336
     721      72.336
     722      72.336
     723      72.336
     724      72.336
     725      72.336
     726      72.336
     727      72.336
     728      72.336
     729     72.2038
     730     72.2038
     731     72.2038
     732     72.2038
     733     72.0567
     734     72.0567
     735     72.0567
     736     72.0567
     737     72.0567
     738     72.0567
     739     72.0567
     740     72.0567
     741     72.0567
     742     72.0567
     743     72.0567
     744     72.0567
     745     72.0567
     746     72.0567
     747     72.0567
     748     72.0567
     749     72.0567
     750     72.0567
     751     72.0567
     752     72.0567
     753     72.0567
     754     72.0567
     755     72.0567
     756     72.0567
     757     72.0567
     758     72.0567
     759     72.0567
     760     72.0567
     761     72.0567
     762     72.0567
     763     72.0567
     764     72.0567
     765     72.0567
     766     72.0567
     767     72.0567
     768     72.0567
     769     72.0567
     770     72.0567
     771     72.0567
     772     72.0567
     773     72.0567
     774     72.0567
     775     72.0567
     776     72.0567
     777     72.0567
     778     72.0567
     779     72.0567
     780     72.0567
     781     72.0567
     782     72.0567
     783     72.0567
     784     72.0567
     785     72.0567
     786     72.0567
     787     72.0567
     788     72.0567
     789     72.0567
     790     72.0567
     791     72.0567
     792     72.0567
     793     72.0567
     794     72.0567
     795     72.0567
     796     72.0567
     797     72.0567
     798     71.7824
     799     71.7824
     800     71.7824
     801     71.7824
     802     71.7824
     803     71.7824
     804     71.7824
     805     71.7824
     806     71.7824
     807     71.7824
     808     71.7824
     809     71.7824
     810     71.7824
     811     71.7824
     812     71.7824
     813     71.7824
     814     71.7824
     815     71.7824
     816     71.7824
     817     71.7824
     818     71.7824
     819     71.7824
     820     71.7824
     821     71.7824
     822     71.7824
     823     71.7824
     824     71.7824
     825     71.7824
     826     71.7824
     827     71.7824
     828     71.7824
     829     71.7824
     830     71.7824
     831     71.7824
     832     71.7824
     833     71.7824
     834     71.7824
     835     71.7824
     836     71.7824
     837     71.7824
     838     71.7824
     839     71.7824
     840     71.7824
     841     71.7824
     842     71.7824
     843     71.7824
     844     71.7824
     845     71.7824
     846     71.7824
     847     71.7824
     848     71.7824
     849     71.7824
     850     71.7824
     851     71.7824
     852     71.7824
     853     71.5378
     854     71.5378
     855     71.4473
     856     71.4473
     857     71.4473
     858     71.4473
     859     71.4473
     860     71.4473
     861     71.4473
     862     71.4473
     863     71.4473
     864     71.4473
     865     71.4473
     866     71.4473
     867     71.4473
     868     71.4473
     869     71.4473
     870     71.4473
     871     71.4473
     872     71.4473
     873     71.4473
     874     71.4473
     875     71.4473
     876     71.4473
     877     71.4473
     878     71.4473
     879     71.4473
     880     71.4473
     881     71.4473
     882     71.4473
     883     71.4473
     884     71.4473
     885     71.4473
     886     71.4473
     887     71.4473
     888     71.4473
     889     71.4473
     890     71.4473
     891     71.4473
     892     71.4473
     893     71.4473
     894     71.4473
     895     71.4473
     896     71.4473
     897     71.4473
     898     71.4473
     899     71.4473
     900     71.4473
     901     71.4473
     902     71.4473
     903     71.4473
     904     71.3838
     905     71.3838
     906     71.3838
     907      70.741
     908      70.741
     909      70.741
     910      70.741
     911      70.741
     912      70.741
     913      70.741
     914      70.741
     915     70.4237
     916     70.4237
     917     70.4237
     918     70.4237
     919     70.4237
     920     70.4237
     921     70.4237
     922     70.4237
     923     70.4237
     924     70.4237
     925     70.4237
     926     70.4237
     927     70.4237
     928     70.4237
     929     70.4237
     930     70.4237
     931     70.4237
     932     70.4237
     933     70.4237
     934     70.4237
     935     70.4237
     936     70.4237
     937     70.4237
     938     70.4237
     939     70.4237
     940     70.4237
     941     70.4237
     942     70.4237
     943     70.4237
     944     70.4237
     945     70.4237
     946     70.4237
     947     70.4237
     948     70.4237
     949     70.4237
     950     70.4237
     951     70.4237
     952     70.4237
     953     70.4237
     954     70.4237
     955     70.3257
     956     70.3257
     957     70.1698
     958     70.1698
     959     70.1698
     960     70.1698
     961     70.1698
     962     70.1698
     963     70.1698
     964     70.1698
     965     70.1698
     966     70.1698
     967     70.1698
     968     70.1698
     969     70.1698
     970     70.1698
     971     70.1698
     972     70.1698
     973     70.1698
     974     70.1698
     975     70.1698
     976     70.1698
     977     70.1698
     978     70.1698
     979     70.1698
     980     70.1698
     981     70.1698
     982     70.1698
     983     70.1698
     984     70.1698
     985     70.1698
     986     70.1698
     987     70.1698
     988     70.1698
     989     70.1698
     990     70.1698
     991     70.1698
     992     70.1698
     993     70.1698
     994     70.1698
     995     70.1698
     996     70.1698
     997     70.1698
     998     70.1698
     999     70.1698
