# Generation                                                Route                                                 L(1)
       0       1 28 3 25 9 21 7 32 2 10 11 23 19 5 15 13 27 17 24 6 26 18 12 4 31 33 8 14 20 30 22 16 29 34      29.9001
       1       1 28 3 25 9 21 7 32 2 10 11 23 19 5 15 13 27 4 30 31 29 14 20 17 22 18 6 12 16 33 26 24 8 34      29.1908
       2       1 28 3 25 9 21 7 32 2 10 11 23 19 5 15 13 27 4 30 31 29 14 20 17 22 18 6 12 16 33 8 24 26 34      28.6747
       3       1 28 3 25 9 21 7 32 2 10 11 23 19 5 15 13 27 4 30 31 29 14 20 17 22 18 6 12 16 8 24 33 34 26      27.6352
       4       1 28 3 25 9 21 7 32 2 10 11 23 19 5 15 13 27 4 30 31 29 14 20 17 22 18 6 12 16 33 8 34 24 26      25.9175
       5       1 28 3 25 9 21 7 32 2 10 11 23 19 5 15 13 27 4 30 14 20 17 22 18 6 31 29 12 16 33 8 34 24 26      23.8061
       6       1 28 3 25 9 21 7 32 2 10 11 23 19 5 15 13 27 4 30 14 20 17 22 18 6 31 29 12 16 33 8 34 24 26      23.8061
       7       1 14 20 17 22 28 3 25 9 21 7 32 2 10 11 23 19 5 15 13 27 4 30 18 6 31 29 12 16 33 8 34 24 26      23.1036
       8       1 14 20 17 22 28 3 25 9 21 7 32 2 10 11 23 19 5 15 13 27 4 30 18 6 31 29 12 16 33 8 34 24 26      23.1036
       9       1 14 20 17 22 28 3 25 9 21 7 32 2 10 11 18 30 4 27 13 15 5 19 23 6 31 29 12 16 33 8 34 24 26      22.4646
      10       1 14 20 17 22 28 3 25 9 21 7 32 2 10 11 23 19 6 15 13 27 4 30 18 5 31 29 12 16 33 8 34 24 26      22.4565
      11       1 14 20 17 22 28 3 25 8 33 16 12 29 31 6 18 30 4 27 13 15 5 19 23 9 21 7 32 2 10 11 34 24 26      21.3524
      12       1 14 20 17 22 28 3 25 8 33 16 12 29 31 6 18 5 15 13 27 4 30 19 23 9 21 7 32 2 10 11 34 24 26      20.6344
      13       1 14 20 17 22 28 18 6 3 25 8 33 16 12 29 31 5 15 13 27 4 30 19 23 9 21 7 32 2 10 11 34 24 26      20.2197
      14       1 14 20 17 22 28 18 6 3 25 8 33 16 12 29 31 5 15 13 27 4 30 19 23 9 21 7 32 2 10 11 34 24 26      20.2197
      15       1 14 20 17 22 28 18 3 25 8 33 16 12 29 31 4 5 15 13 27 6 30 19 23 9 21 7 32 2 10 11 34 24 26      19.0423
      16       1 14 20 17 22 28 18 3 25 8 33 16 12 29 31 4 5 15 13 27 6 30 19 23 9 21 7 32 2 10 11 34 24 26      19.0423
      17       1 14 20 17 22 28 18 6 3 25 8 33 16 12 29 31 4 5 15 23 13 27 30 19 9 21 7 32 2 10 11 34 24 26      18.2245
      18       1 14 20 17 22 28 18 3 25 8 33 16 12 29 31 4 5 6 15 23 13 27 30 19 9 21 7 32 2 10 11 34 24 26       17.974
      19       1 14 20 17 22 28 3 18 25 8 33 16 12 29 31 4 5 6 15 23 13 27 30 19 9 21 7 32 2 10 11 34 24 26      17.8258
      20       1 14 20 17 22 28 3 18 25 8 33 16 12 29 31 4 5 6 15 23 13 27 30 19 9 21 7 32 2 10 11 34 24 26      17.8258
      21       1 14 20 17 22 28 3 18 25 8 33 16 12 29 31 4 5 6 15 23 13 27 30 19 9 21 7 32 2 10 11 34 24 26      17.8258
      22       1 14 20 17 22 28 3 18 25 8 33 16 12 29 31 4 5 6 15 23 13 27 30 19 9 21 7 32 2 10 34 11 24 26      17.8217
      23       1 14 20 17 22 28 3 18 25 8 33 16 2 32 7 21 9 19 30 27 13 23 15 6 5 4 31 29 12 10 11 34 24 26      17.2209
      24       1 14 20 17 22 28 3 18 25 8 33 16 2 12 29 31 4 5 6 15 23 13 27 30 19 9 21 7 32 10 34 11 24 26      16.9834
      25       1 14 20 17 22 28 3 18 25 8 33 16 2 12 29 31 4 5 6 15 23 13 27 30 19 9 21 7 32 10 34 11 24 26      16.9834
      26       1 14 20 17 22 28 9 21 7 32 2 16 33 8 25 18 3 19 30 27 13 23 15 6 5 4 31 29 12 10 11 34 24 26      16.1365
      27       1 14 20 17 22 28 9 21 7 32 2 16 33 8 25 18 3 19 30 27 13 23 15 6 5 4 31 29 12 10 34 11 24 26      16.1324
      28       1 14 20 17 22 28 9 21 7 32 2 16 33 8 25 18 3 19 30 27 13 23 15 6 5 4 31 29 12 10 34 11 24 26      16.1324
      29       1 14 20 17 22 28 9 21 7 32 2 16 33 8 25 18 3 19 30 27 13 23 15 6 5 4 31 29 12 10 34 11 24 26      16.1324
      30       1 14 20 17 22 28 9 21 7 32 8 2 16 33 25 18 3 19 30 27 13 23 15 6 5 4 31 29 12 10 34 11 24 26      15.8013
      31       1 14 20 17 22 28 9 21 7 32 8 2 16 33 25 18 3 19 30 27 13 23 15 6 5 4 31 29 12 10 34 11 24 26      15.8013
      32       1 14 20 17 22 28 9 21 7 32 8 2 16 33 25 18 3 19 30 27 13 23 15 6 5 4 31 29 12 10 34 11 24 26      15.8013
      33       1 14 20 17 22 28 9 21 7 32 8 2 16 33 25 18 3 19 30 27 13 23 15 6 5 4 31 29 12 10 34 11 24 26      15.8013
      34       1 14 20 17 22 28 9 21 7 32 8 2 16 33 25 18 3 19 30 27 13 23 15 6 5 4 31 29 12 10 34 11 24 26      15.8013
      35       1 14 20 17 22 28 9 21 7 32 8 2 16 33 25 18 3 19 30 27 13 23 15 6 5 4 31 29 12 10 34 11 24 26      15.8013
      36       1 14 20 17 22 28 9 21 7 32 8 2 16 33 25 18 3 19 30 27 13 23 15 6 5 4 29 31 12 10 34 11 24 26      15.5951
      37       1 14 20 17 22 28 9 21 7 32 8 2 16 33 25 18 3 19 30 27 13 23 15 6 5 4 29 31 12 10 34 11 24 26      15.5951
      38       1 14 20 17 22 28 9 21 7 32 8 2 16 12 31 29 4 5 6 15 23 13 27 30 19 3 18 25 33 10 34 11 24 26      15.5864
      39       1 14 20 17 22 28 9 21 7 32 8 2 16 12 31 29 4 5 6 15 23 13 27 30 19 3 18 25 33 10 34 11 24 26      15.5864
      40       1 14 20 17 22 28 9 21 7 32 8 2 16 29 25 18 3 19 30 27 13 23 15 6 5 4 33 31 12 10 34 11 24 26      15.5725
      41       1 14 20 17 22 28 9 21 7 32 8 2 16 29 25 18 3 19 30 27 13 23 15 6 5 4 33 31 12 10 34 11 24 26      15.5725
      42       1 14 20 17 22 28 9 21 7 32 8 2 16 29 12 31 4 5 6 15 23 13 27 30 19 3 18 25 33 10 34 11 24 26       15.192
      43       1 14 20 17 22 28 9 21 7 32 8 2 16 29 12 31 4 5 6 15 23 13 27 30 19 3 18 25 33 10 34 11 24 26       15.192
      44       1 14 20 17 22 28 9 21 7 32 8 2 16 29 12 31 4 5 6 15 23 13 27 30 19 3 18 25 33 10 34 11 24 26       15.192
      45       1 14 20 17 22 28 9 21 7 32 8 2 16 29 12 31 4 5 6 15 23 13 27 30 19 3 18 25 33 10 34 11 24 26       15.192
      46       1 14 20 17 22 28 9 21 7 32 8 2 16 29 12 31 4 5 6 15 23 13 27 30 19 3 18 25 33 10 34 11 24 26       15.192
      47       1 14 20 17 22 28 9 21 7 32 8 2 16 29 12 31 4 5 6 15 23 13 27 30 19 3 18 25 33 10 34 11 24 26       15.192
      48       1 14 20 17 22 28 9 21 7 32 8 2 16 29 12 31 4 5 6 15 23 13 27 30 19 3 18 25 33 10 34 11 24 26       15.192
      49       1 14 20 17 22 28 9 21 7 32 8 2 16 29 12 31 4 5 6 15 23 13 27 30 19 3 18 25 33 10 34 11 24 26       15.192
      50       1 14 20 17 22 28 9 21 7 32 8 2 16 29 12 31 4 5 6 15 23 13 27 30 19 3 18 25 33 10 34 11 24 26       15.192
      51       1 14 20 17 22 28 9 21 7 32 8 2 16 29 12 31 4 5 6 15 23 13 27 30 19 3 18 25 33 10 34 11 24 26       15.192
      52       1 14 20 17 22 28 9 21 7 32 8 2 16 29 12 31 4 5 6 15 23 13 27 30 19 3 18 25 33 10 34 11 24 26       15.192
      53       1 14 20 17 22 28 9 21 7 32 8 2 16 29 12 31 4 5 6 15 23 13 27 30 19 3 18 25 33 10 34 11 24 26       15.192
      54       1 14 20 17 22 28 9 21 7 32 8 2 16 29 12 31 4 5 6 15 23 13 27 30 19 3 18 25 33 10 34 11 24 26       15.192
      55       1 14 20 17 22 28 9 21 7 32 8 2 16 29 12 31 4 5 6 15 23 13 27 30 19 3 18 25 33 10 34 11 24 26       15.192
      56       1 14 20 17 22 28 9 21 7 32 8 2 16 29 12 31 4 5 6 15 23 13 27 30 19 3 18 25 33 10 34 11 24 26       15.192
      57       1 14 20 17 22 28 9 21 7 32 8 2 16 29 25 18 3 19 30 27 13 23 15 6 5 4 31 12 33 10 34 11 24 26      14.7933
      58       1 14 20 17 22 28 9 21 7 32 8 2 16 29 25 18 3 19 30 27 13 23 15 6 5 4 31 12 33 10 34 11 24 26      14.7933
      59       1 14 20 17 22 28 9 21 7 32 8 2 16 29 25 18 3 19 30 27 13 23 15 6 5 4 31 12 33 10 34 11 24 26      14.7933
      60       1 14 20 17 22 28 9 21 7 32 8 2 16 29 25 18 3 19 30 27 13 23 15 6 5 4 31 12 33 10 34 11 24 26      14.7933
      61       1 14 20 17 22 28 9 21 7 32 8 2 16 29 25 18 3 19 30 27 13 23 15 6 5 4 31 12 33 10 34 11 24 26      14.7933
      62       1 14 20 17 22 28 9 21 7 32 8 2 16 29 25 18 3 19 30 27 13 23 15 6 5 4 31 12 33 10 34 11 24 26      14.7933
      63       1 14 20 17 22 28 9 21 7 32 8 2 16 29 25 18 3 19 30 27 13 23 15 6 5 4 31 12 33 10 34 11 24 26      14.7933
      64       1 14 20 17 22 28 9 21 7 32 8 2 16 29 25 18 3 19 30 27 13 23 15 6 5 4 31 12 33 10 34 11 24 26      14.7933
      65       1 14 20 22 17 28 9 21 7 32 8 2 16 29 25 18 3 19 30 27 13 23 15 6 5 4 31 12 33 10 34 11 24 26      14.4013
      66       1 14 20 22 17 28 9 21 7 32 8 2 16 29 25 18 3 19 30 27 13 23 15 6 5 4 31 12 33 10 34 11 24 26      14.4013
      67       1 14 20 22 17 28 9 21 7 32 8 2 16 29 25 18 3 30 19 27 13 23 15 6 5 4 31 12 33 10 34 11 24 26      14.3994
      68       1 14 20 22 17 28 9 21 7 32 8 2 16 29 25 18 3 30 19 27 13 23 15 6 5 4 31 12 33 10 34 11 24 26      14.3994
      69       1 14 20 22 17 28 9 21 7 32 8 2 16 29 25 18 3 30 19 27 13 23 15 6 5 4 31 12 33 10 34 11 24 26      14.3994
      70       1 14 20 22 17 28 9 21 7 32 8 2 16 29 25 18 3 30 19 27 13 23 15 6 5 4 31 12 33 10 34 11 24 26      14.3994
      71       1 14 20 22 17 28 9 21 7 32 8 2 16 29 25 18 3 30 19 27 13 23 15 6 5 4 31 12 33 10 34 11 24 26      14.3994
      72       1 14 20 22 17 28 9 21 7 32 8 2 16 29 25 18 3 30 19 27 13 23 15 6 5 4 31 12 33 10 34 11 24 26      14.3994
      73       1 14 20 22 17 28 9 21 7 32 8 2 16 29 25 18 3 30 19 27 13 23 15 6 5 4 31 33 12 10 34 11 24 26      14.3007
      74       1 14 20 22 17 28 9 21 7 32 8 2 16 29 25 18 3 30 19 27 13 23 15 6 5 4 31 33 12 10 34 11 24 26      14.3007
      75       1 14 20 22 17 28 9 21 7 32 8 2 16 29 25 18 3 30 19 27 13 23 15 6 5 4 31 33 12 10 34 11 24 26      14.3007
      76       1 14 20 22 17 28 19 27 13 23 15 6 5 4 31 33 12 10 34 11 24 9 21 7 32 8 2 16 29 25 18 3 30 26      14.1587
      77       1 14 20 22 17 28 19 27 13 23 15 6 5 4 31 33 12 10 34 11 24 9 21 7 32 8 2 16 29 25 18 3 30 26      14.1587
      78       1 14 20 22 17 28 19 27 13 23 15 6 5 4 31 33 12 10 34 11 24 9 21 7 32 8 2 16 29 25 18 3 30 26      14.1587
      79       1 14 20 22 17 28 19 27 13 23 15 6 5 4 31 33 12 10 34 11 24 9 21 7 32 8 2 16 29 25 18 3 30 26      14.1587
      80       1 14 20 22 17 28 19 27 13 23 15 6 5 4 31 33 12 10 34 11 24 9 21 7 32 8 2 16 29 25 18 3 30 26      14.1587
      81       1 14 20 22 17 28 19 27 13 23 15 6 5 4 31 33 12 10 34 11 24 9 21 7 32 8 2 16 29 25 18 3 30 26      14.1587
      82       1 14 20 22 17 28 19 27 13 23 15 6 5 4 31 33 12 10 34 11 24 9 21 7 32 8 2 16 29 25 18 3 30 26      14.1587
      83       1 14 20 22 17 28 19 27 13 23 15 6 5 4 31 33 12 10 34 11 24 9 21 7 32 8 2 16 29 25 18 3 30 26      14.1587
      84       1 14 20 22 17 28 19 27 13 23 15 6 5 4 31 33 12 10 34 11 24 9 21 7 32 8 2 16 29 25 18 3 30 26      14.1587
      85       1 14 20 22 17 28 19 27 13 23 15 6 5 4 31 33 12 10 34 11 24 9 21 7 32 8 2 16 29 25 18 3 30 26      14.1587
      86       1 14 20 22 17 28 19 27 13 23 15 6 5 4 31 33 12 10 34 11 24 9 21 7 32 8 2 16 29 25 18 3 30 26      14.1587
      87       1 14 20 22 17 28 19 27 13 23 15 6 5 4 31 33 12 10 34 11 24 9 21 7 32 8 2 16 29 25 18 3 30 26      14.1587
      88       1 14 20 22 17 28 19 27 13 23 15 6 5 4 31 33 12 10 34 11 24 9 21 7 32 8 2 16 29 25 18 3 30 26      14.1587
      89       1 14 20 22 17 28 19 27 13 23 15 6 5 4 31 33 12 10 34 11 24 9 21 7 32 8 2 16 29 25 18 3 30 26      14.1587
      90       1 14 20 22 17 28 19 27 13 23 15 6 5 4 31 33 12 10 34 11 24 9 21 7 32 8 2 16 29 25 18 3 30 26      14.1587
      91       1 14 20 22 17 28 19 27 13 23 15 6 5 4 31 33 12 10 34 11 24 9 21 7 32 8 2 16 29 25 18 3 30 26      14.1587
      92       1 14 20 22 17 28 19 27 13 23 15 6 5 4 31 33 12 10 34 11 24 9 21 7 32 8 2 16 29 25 18 3 30 26      14.1587
      93       1 14 20 22 17 28 19 27 13 23 15 6 5 4 31 8 32 7 21 9 24 11 34 10 12 33 2 16 29 25 18 3 30 26      14.0471
      94       1 14 20 22 17 28 19 27 13 23 15 6 5 4 31 33 8 32 7 21 9 24 11 34 10 12 2 16 29 25 18 3 30 26      13.5793
      95       1 14 20 22 17 28 19 27 13 23 15 6 5 4 31 33 8 32 7 21 9 24 11 34 10 12 2 16 29 25 18 3 30 26      13.5793
      96       1 14 20 22 17 28 19 27 13 23 15 6 5 4 31 33 8 32 7 21 9 24 11 34 10 12 2 16 29 25 18 3 30 26      13.5793
      97       1 14 20 22 17 28 19 27 13 23 15 6 5 4 31 33 8 32 7 21 9 24 11 34 10 12 2 16 29 25 18 3 30 26      13.5793
      98       1 14 20 22 17 28 19 27 13 23 15 6 5 4 31 33 8 32 7 21 9 24 11 34 10 12 2 16 29 25 18 3 30 26      13.5793
      99       1 14 20 22 17 28 19 27 13 23 15 6 5 4 29 16 2 12 10 34 11 24 9 21 7 32 8 33 31 25 18 3 30 26      13.2725
     100       1 14 20 22 17 28 19 27 13 23 15 6 5 4 29 16 31 33 8 32 7 21 9 24 11 34 10 12 2 25 18 3 30 26      13.0677
     101       1 14 20 22 17 28 19 27 13 23 15 6 5 4 31 29 16 2 12 10 33 8 32 7 21 9 24 11 34 25 18 3 30 26      12.9899
     102       1 14 20 22 17 28 19 27 13 23 15 6 5 4 29 16 31 2 12 10 33 8 32 7 21 9 24 11 34 25 18 3 30 26      12.8296
     103       1 14 20 22 17 28 19 27 13 23 15 6 5 4 31 29 16 2 12 10 33 8 32 34 11 24 9 21 7 25 18 3 30 26      12.7786
     104       1 14 20 22 17 28 19 27 13 23 15 6 5 4 31 29 16 2 12 10 33 8 32 34 11 24 7 21 9 25 18 3 30 26      12.5022
     105       1 14 20 22 17 28 19 27 13 23 15 6 5 4 29 16 31 2 12 10 33 8 32 34 11 24 7 21 9 25 18 3 30 26       12.342
     106       1 14 20 22 17 28 19 27 13 23 15 6 5 4 29 16 31 2 12 10 33 8 32 34 11 24 7 21 9 25 18 3 30 26       12.342
     107       1 14 20 22 17 28 19 27 13 23 15 6 5 4 29 16 31 2 12 10 33 8 32 34 11 24 7 21 9 25 18 3 30 26       12.342
     108       1 14 20 22 17 28 19 27 13 23 15 6 5 4 29 16 31 2 12 10 33 8 32 34 11 24 7 21 9 25 18 3 30 26       12.342
     109       1 14 20 22 17 28 19 27 13 23 15 6 5 4 29 16 31 2 12 10 33 8 32 34 11 24 7 21 9 25 18 3 30 26       12.342
     110       1 14 20 22 17 28 19 27 13 23 15 6 5 4 29 16 31 2 12 10 33 8 32 34 11 24 7 21 9 25 18 3 30 26       12.342
     111       1 14 20 22 17 28 19 27 13 23 15 6 5 4 29 16 31 2 12 10 33 8 32 34 11 24 7 21 9 25 18 3 30 26       12.342
     112       1 14 20 22 17 28 19 27 13 23 15 6 5 4 29 16 31 2 12 10 33 8 32 34 11 24 7 21 9 25 18 3 30 26       12.342
     113       1 14 20 22 17 28 19 27 13 23 15 6 5 4 29 16 31 2 12 10 33 8 32 34 11 24 7 21 9 25 18 3 30 26       12.342
     114       1 14 20 22 17 28 19 27 13 23 15 6 5 4 29 16 31 2 12 10 33 8 32 34 11 24 7 21 9 25 18 3 30 26       12.342
     115       1 14 20 22 17 28 19 27 13 23 15 6 5 4 29 16 31 2 12 10 33 8 32 34 11 24 7 21 9 25 18 3 30 26       12.342
     116       1 14 20 22 17 28 19 27 13 23 15 6 5 4 29 16 31 2 12 10 33 8 32 34 11 24 7 21 9 25 18 3 30 26       12.342
     117       1 14 20 22 17 28 19 27 13 23 15 6 5 4 29 16 31 2 12 10 33 8 32 34 11 24 7 21 9 25 18 3 30 26       12.342
     118       1 14 20 22 17 28 19 27 13 23 15 6 5 4 29 16 31 2 12 10 33 8 32 34 11 24 7 21 9 25 18 3 30 26       12.342
     119       1 14 20 22 17 28 19 27 13 23 15 6 5 4 29 16 31 2 12 10 33 8 32 34 11 24 7 21 9 25 18 3 30 26       12.342
     120       1 14 20 22 17 28 19 27 13 23 15 6 5 4 29 16 31 2 12 10 33 8 32 34 11 24 7 21 9 25 18 3 30 26       12.342
     121       1 14 20 22 17 28 19 27 13 23 15 6 5 4 29 16 31 2 12 10 33 8 32 34 11 24 7 21 9 25 18 3 30 26       12.342
     122       1 14 20 22 17 28 19 27 13 23 15 6 5 4 29 16 31 2 12 10 33 8 32 34 11 24 7 21 9 25 18 3 30 26       12.342
     123       1 14 20 22 17 28 19 27 13 23 15 6 5 4 29 16 31 2 12 10 33 8 32 34 11 24 7 21 9 25 18 3 30 26       12.342
     124       1 14 20 22 17 28 19 27 13 23 15 6 5 4 29 16 31 2 12 10 33 8 32 34 11 24 7 21 9 25 18 3 30 26       12.342
     125       1 14 20 22 17 28 19 27 13 23 15 6 5 4 29 16 31 2 12 10 33 8 32 34 11 24 7 21 9 25 18 3 30 26       12.342
     126       1 14 20 22 17 28 19 27 13 23 15 6 5 4 29 16 31 2 12 10 33 8 32 34 11 24 7 21 9 25 18 3 30 26       12.342
     127       1 14 20 22 30 3 18 25 9 21 7 24 11 34 32 8 33 10 12 2 31 16 29 4 5 6 15 23 13 27 19 28 17 26      12.2335
     128       1 14 20 22 30 3 18 25 9 21 7 24 11 34 32 8 33 10 12 2 31 16 29 4 5 6 15 23 13 27 19 28 17 26      12.2335
     129       1 14 20 22 30 3 18 25 9 21 7 24 11 34 32 8 33 10 12 2 31 16 29 4 5 6 15 23 13 27 19 28 17 26      12.2335
     130       1 14 20 22 30 3 18 25 9 21 7 24 11 34 32 8 33 10 12 2 31 16 29 4 5 6 15 23 13 27 19 28 17 26      12.2335
     131       1 14 20 22 30 3 18 25 9 21 7 24 11 34 32 8 33 10 12 2 31 16 29 4 5 6 15 23 13 27 19 28 17 26      12.2335
     132       1 14 20 22 30 19 3 18 25 9 21 7 24 11 34 32 8 33 10 12 2 31 16 29 4 5 6 15 23 13 27 28 17 26      11.9525
     133       1 14 20 22 30 19 3 18 25 9 21 7 24 11 34 32 8 33 10 12 2 31 16 29 4 5 6 15 23 13 27 28 17 26      11.9525
     134       1 14 20 22 30 19 3 18 25 9 21 7 24 11 34 32 8 33 10 12 2 31 16 29 4 5 6 15 23 13 27 28 17 26      11.9525
     135       1 14 20 22 30 19 3 18 25 9 21 7 24 11 34 32 8 33 10 12 2 31 16 29 4 5 6 15 23 13 27 28 17 26      11.9525
     136       1 14 20 22 30 19 3 18 25 9 21 7 24 11 34 32 8 33 10 12 2 31 16 29 4 5 6 15 23 13 27 28 17 26      11.9525
     137       1 14 20 22 30 19 3 18 25 9 21 7 24 11 34 32 8 33 10 12 2 31 16 29 4 5 6 15 23 13 27 28 17 26      11.9525
     138       1 14 20 22 30 19 3 18 25 9 21 7 24 11 34 32 8 33 10 12 2 31 16 29 4 5 6 15 23 13 27 28 17 26      11.9525
     139       1 14 20 22 30 19 3 18 25 9 21 7 24 11 34 32 8 33 10 12 2 31 16 29 4 5 6 15 23 13 27 28 17 26      11.9525
     140       1 14 20 22 30 19 3 18 25 9 21 7 24 11 34 32 8 33 10 12 2 31 16 29 4 5 6 15 23 13 27 28 17 26      11.9525
     141       1 14 20 22 30 19 3 18 25 9 21 7 24 11 34 32 8 33 10 12 2 31 16 29 4 5 6 15 23 13 27 28 17 26      11.9525
     142       1 14 20 22 30 19 3 18 25 9 21 7 24 11 34 32 8 33 10 12 2 31 16 29 4 5 6 15 23 13 27 28 17 26      11.9525
     143       1 14 20 22 30 19 3 18 25 9 21 7 24 11 34 32 8 33 10 12 2 31 16 29 4 5 6 15 23 13 27 28 17 26      11.9525
     144       1 14 20 22 30 19 3 18 25 9 21 7 24 11 34 32 8 33 10 12 2 31 16 29 4 5 6 15 23 13 27 28 17 26      11.9525
     145       1 14 20 22 30 19 3 18 27 13 23 15 6 5 4 29 16 31 2 12 10 33 8 32 34 11 24 7 21 9 25 28 17 26      11.8141
     146       1 14 20 22 30 19 3 18 25 27 13 23 15 6 5 4 29 16 31 2 12 10 33 8 32 34 11 24 7 21 9 28 17 26      11.6496
     147       1 14 20 22 30 19 3 18 27 13 23 15 6 5 4 29 16 31 2 25 12 10 33 8 32 34 11 24 7 21 9 28 17 26       10.927
     148       1 14 20 22 30 19 3 18 27 13 23 15 6 5 4 29 16 25 31 2 12 10 33 8 32 34 11 24 7 21 9 28 17 26      10.7695
     149       1 14 20 22 30 19 3 18 27 13 23 15 6 5 4 29 16 25 31 2 12 10 33 8 32 34 11 24 7 21 9 28 17 26      10.7695
     150       1 14 20 22 30 19 3 18 27 13 23 15 6 5 4 29 16 25 31 2 12 10 33 8 32 34 11 24 7 21 9 28 17 26      10.7695
     151       1 14 20 22 30 19 3 18 27 13 23 15 6 5 4 29 16 31 25 2 12 10 33 8 32 34 11 24 7 21 9 28 17 26      10.4192
     152       1 14 20 22 30 19 3 18 27 13 23 15 6 5 4 29 16 31 25 2 12 10 33 8 32 34 11 24 7 21 9 28 17 26      10.4192
     153       1 14 20 22 30 19 3 18 27 13 23 15 6 5 4 29 16 31 25 2 12 10 33 8 32 34 11 24 7 21 9 28 17 26      10.4192
     154       1 14 20 22 30 19 3 6 15 23 13 27 18 5 4 29 16 31 25 2 12 10 33 8 32 34 11 24 7 21 9 28 17 26      10.3093
     155       1 14 20 22 30 19 3 6 15 23 13 27 18 5 4 29 16 31 25 2 12 10 33 8 32 34 11 24 7 21 9 28 17 26      10.3093
     156       1 14 20 22 30 19 3 6 15 23 13 27 18 5 4 29 16 31 25 2 12 10 33 8 32 34 11 24 7 21 9 28 17 26      10.3093
     157       1 14 20 22 30 19 3 6 15 23 13 27 18 5 4 29 16 31 25 2 12 10 33 8 32 34 11 24 7 21 9 28 17 26      10.3093
     158       1 14 20 22 30 19 3 6 15 23 13 27 18 5 4 29 16 31 25 2 12 10 33 8 32 34 11 24 7 21 9 28 17 26      10.3093
     159       1 14 20 22 30 19 3 6 15 23 13 27 18 5 4 29 16 31 25 2 12 10 33 8 32 34 11 24 7 21 9 28 17 26      10.3093
     160       1 14 20 22 30 19 3 6 15 23 13 27 18 5 4 29 16 31 25 2 12 10 33 8 32 34 11 24 7 21 9 28 17 26      10.3093
     161       1 14 20 22 30 19 3 6 15 23 13 27 18 5 4 29 16 31 25 2 12 10 33 8 32 34 11 24 7 21 9 28 17 26      10.3093
     162       1 14 20 22 30 19 3 6 15 23 13 27 18 5 4 29 16 31 25 2 12 10 33 8 32 34 11 24 7 21 9 28 17 26      10.3093
     163       1 14 20 22 30 19 3 6 15 23 13 27 18 5 4 29 16 31 25 2 12 10 33 8 32 34 11 24 7 21 9 28 17 26      10.3093
     164       1 14 20 22 30 19 3 6 15 23 13 27 18 5 4 29 16 31 25 2 12 10 33 8 32 34 11 24 7 21 9 28 17 26      10.3093
     165       1 14 20 22 30 19 3 6 15 23 13 27 18 5 4 29 16 31 25 2 12 10 33 8 32 34 11 24 7 21 9 28 17 26      10.3093
     166       1 14 20 22 30 19 3 6 15 23 13 27 18 5 4 29 16 31 25 2 12 10 33 8 32 34 11 24 7 21 9 28 17 26      10.3093
     167       1 14 20 22 30 19 3 6 15 23 13 27 18 5 4 29 16 31 25 2 12 10 33 8 32 34 11 24 7 21 9 28 17 26      10.3093
     168       1 14 20 22 30 19 3 6 15 23 13 27 18 5 4 29 16 31 25 2 12 10 33 8 32 34 11 24 7 21 9 28 17 26      10.3093
     169       1 14 20 22 30 19 3 6 15 23 13 27 18 5 4 29 16 31 25 2 12 10 33 8 32 34 11 24 7 21 9 28 17 26      10.3093
     170       1 14 20 22 30 19 3 6 15 23 13 27 18 5 4 29 16 31 25 2 12 10 33 8 32 34 11 24 7 21 9 28 17 26      10.3093
     171       1 14 20 22 30 19 3 6 15 23 13 27 18 5 4 29 16 31 25 2 12 10 33 8 32 34 11 24 7 21 9 28 17 26      10.3093
     172       1 14 20 22 30 19 3 6 15 23 13 27 18 5 4 29 16 31 25 2 12 10 33 8 32 34 11 24 7 21 9 28 17 26      10.3093
     173       1 14 20 22 30 19 3 6 15 23 13 27 18 5 4 29 16 31 25 2 12 10 33 8 32 34 11 24 7 21 9 28 17 26      10.3093
     174       1 14 20 22 30 19 3 6 15 23 13 27 18 5 4 29 16 31 25 2 12 10 33 8 32 34 11 24 7 21 9 28 17 26      10.3093
     175       1 14 20 22 30 19 3 6 15 23 13 27 18 5 4 29 16 31 25 2 12 10 33 8 32 34 11 24 7 21 9 28 17 26      10.3093
     176       1 14 20 22 30 19 3 6 15 23 13 27 18 5 4 29 16 31 25 2 12 10 33 8 32 34 11 24 7 21 9 28 17 26      10.3093
     177       1 14 20 22 30 19 3 6 15 23 13 27 18 5 4 29 16 31 25 2 12 10 33 8 32 34 11 24 7 21 9 28 17 26      10.3093
     178       1 14 20 22 30 19 3 6 15 23 13 27 18 5 4 29 16 31 25 2 12 10 33 8 32 34 11 24 7 21 9 28 17 26      10.3093
     179       1 14 20 22 30 19 3 6 15 23 13 27 18 5 4 29 16 31 25 2 12 10 33 8 32 34 11 24 7 21 9 28 17 26      10.3093
     180       1 14 20 22 30 19 3 6 15 23 13 27 18 5 4 29 16 31 25 2 12 10 33 8 32 34 11 24 7 21 9 28 17 26      10.3093
     181       1 14 20 22 30 19 3 6 15 23 13 27 18 5 4 29 16 31 25 2 12 10 33 8 32 34 11 24 7 21 9 28 17 26      10.3093
     182       1 14 20 22 30 19 3 6 15 23 13 27 18 5 4 29 16 31 25 2 12 10 33 8 32 34 11 24 7 21 9 28 17 26      10.3093
     183       1 14 20 22 30 19 3 6 15 23 13 27 18 5 4 29 16 31 25 2 12 10 33 8 32 34 11 24 7 21 9 28 17 26      10.3093
     184       1 14 20 22 30 19 3 6 15 23 13 27 18 5 4 29 16 31 25 2 12 10 33 8 32 34 11 24 7 21 9 28 17 26      10.3093
     185       1 14 20 22 30 19 3 6 15 23 13 27 18 5 4 29 16 31 25 2 12 10 33 8 32 34 11 24 7 21 9 28 17 26      10.3093
     186       1 14 20 22 30 19 3 6 15 23 13 27 18 5 4 29 16 31 25 2 12 10 33 8 32 34 11 24 7 21 9 28 17 26      10.3093
     187       1 14 20 22 30 19 3 6 15 23 13 27 18 5 4 29 16 31 25 2 12 10 33 8 32 34 11 24 7 21 9 28 17 26      10.3093
     188       1 14 20 22 30 19 3 6 15 23 13 27 18 5 4 29 16 31 25 2 12 10 33 8 32 34 11 24 7 21 9 28 17 26      10.3093
     189       1 14 20 22 30 19 3 6 15 23 13 27 18 5 4 29 16 31 25 2 12 10 33 8 32 34 11 24 7 21 9 28 17 26      10.3093
     190       1 14 20 22 30 19 3 6 15 23 13 27 18 5 4 29 16 31 25 2 12 10 33 8 32 34 11 24 7 21 9 28 17 26      10.3093
     191       1 14 20 22 30 19 3 6 15 23 13 27 18 5 4 29 16 31 25 2 12 10 33 8 32 34 11 24 7 21 9 28 17 26      10.3093
     192       1 14 20 22 30 19 3 6 15 23 13 27 18 5 4 29 16 31 25 2 12 10 33 8 32 34 11 24 7 21 9 28 17 26      10.3093
     193       1 14 20 22 30 19 3 6 15 23 13 27 18 5 4 29 16 31 25 2 12 10 33 8 32 34 11 24 7 21 9 28 17 26      10.3093
     194       1 14 20 22 30 19 3 6 15 23 13 27 18 5 4 29 16 31 25 2 12 10 33 8 32 34 11 24 7 21 9 28 17 26      10.3093
     195       1 14 20 22 30 19 3 6 15 23 13 27 18 5 4 29 16 31 25 2 12 10 33 8 32 34 11 24 7 21 9 28 17 26      10.3093
     196       1 14 20 22 30 19 3 6 15 23 13 27 18 5 4 29 16 31 25 2 12 10 33 8 32 34 11 24 7 21 9 28 17 26      10.3093
     197       1 14 20 22 30 19 3 6 15 23 13 27 18 5 4 29 16 31 25 2 12 10 33 8 32 34 11 24 7 21 9 28 17 26      10.3093
     198       1 14 20 22 30 19 3 6 15 23 13 27 18 5 4 29 16 31 25 2 12 10 33 8 32 34 11 24 7 21 9 28 17 26      10.3093
     199       1 14 20 22 30 19 3 6 15 23 13 27 18 5 4 29 16 31 25 2 12 10 33 8 32 34 11 24 7 21 9 28 17 26      10.3093
     200       1 14 20 22 30 19 3 6 15 23 13 27 18 5 4 29 16 31 25 2 12 10 33 8 32 34 11 24 7 21 9 28 17 26      10.3093
     201       1 14 20 22 30 19 3 6 15 23 13 27 18 5 4 29 16 31 25 2 12 10 33 8 32 34 11 24 7 21 9 28 17 26      10.3093
     202       1 14 20 22 30 19 3 6 15 23 13 27 18 5 4 29 16 31 25 2 12 10 33 8 32 34 11 24 7 21 9 28 17 26      10.3093
     203       1 14 20 22 30 19 3 6 15 23 13 27 18 5 4 29 16 31 25 2 12 10 33 8 32 34 11 24 7 21 9 28 17 26      10.3093
     204       1 14 20 22 30 19 3 6 15 23 13 27 18 5 4 29 16 31 25 2 12 10 33 8 32 34 11 24 7 21 9 28 17 26      10.3093
     205       1 14 20 22 30 19 3 6 15 23 13 27 18 5 4 29 16 31 25 2 12 10 33 8 32 34 11 24 7 21 9 28 17 26      10.3093
     206       1 14 20 22 30 19 3 6 15 23 13 27 18 5 4 29 16 31 25 2 12 10 33 8 32 34 11 24 7 21 9 28 17 26      10.3093
     207       1 14 20 22 30 19 3 6 15 23 13 27 18 5 4 29 16 31 25 2 12 10 33 8 32 34 11 24 7 21 9 28 17 26      10.3093
     208       1 14 20 22 30 19 3 6 15 23 13 27 18 5 4 29 16 31 25 2 12 10 33 8 32 34 11 24 7 21 9 28 17 26      10.3093
     209       1 14 20 22 30 19 3 6 27 13 23 15 18 5 4 29 16 31 25 2 12 10 33 8 32 34 11 24 7 21 9 28 17 26      10.2767
     210       1 14 20 22 30 19 3 6 27 13 23 15 18 5 4 29 16 31 25 2 12 10 33 8 32 34 11 24 7 21 9 28 17 26      10.2767
     211       1 14 20 22 30 19 3 6 27 13 23 15 18 5 4 29 16 31 25 2 12 10 33 8 32 34 11 24 7 21 9 28 17 26      10.2767
     212       1 14 20 22 30 19 3 6 27 13 23 15 18 5 4 29 16 31 25 2 12 10 33 8 32 34 11 24 7 21 9 28 17 26      10.2767
     213       1 14 20 22 30 19 3 6 27 13 23 15 18 5 4 29 16 31 25 2 12 10 33 8 32 34 11 24 7 21 9 28 17 26      10.2767
     214       1 14 20 22 30 19 3 6 27 13 23 15 18 5 4 29 16 31 25 2 12 10 33 8 32 34 11 24 7 21 9 28 17 26      10.2767
     215       1 14 20 22 30 19 3 6 27 13 23 15 18 5 4 29 16 31 25 2 12 10 33 8 32 34 11 24 7 21 9 28 17 26      10.2767
     216       1 14 20 22 30 19 3 6 27 13 23 15 18 5 4 29 16 31 25 2 12 10 33 8 32 34 11 24 7 21 9 28 17 26      10.2767
     217       1 14 20 22 30 19 3 6 27 13 23 15 18 5 4 29 16 31 25 2 12 10 33 8 32 34 11 24 7 21 9 28 17 26      10.2767
     218       1 14 20 22 30 19 3 6 27 13 23 15 18 5 4 29 16 31 25 2 12 10 33 8 32 34 11 24 7 21 9 28 17 26      10.2767
     219       1 14 20 22 30 19 3 6 27 13 23 15 18 5 4 29 16 31 25 2 12 10 33 8 32 34 11 24 7 21 9 28 17 26      10.2767
     220       1 14 20 22 30 19 3 6 27 13 23 15 18 5 4 29 16 31 25 2 12 10 33 8 32 34 11 24 7 21 9 28 17 26      10.2767
     221       1 14 20 22 30 19 3 27 6 13 23 15 18 5 4 29 16 31 25 2 12 10 33 8 32 34 11 24 7 21 9 28 17 26      10.2714
     222       1 14 20 22 30 19 3 27 6 13 23 15 18 5 4 29 16 31 25 2 12 10 33 8 32 34 11 24 7 21 9 28 17 26      10.2714
     223       1 14 20 22 30 19 3 27 6 13 23 15 18 5 4 29 16 31 25 2 12 10 33 8 32 34 11 24 7 21 9 28 17 26      10.2714
     224       1 14 20 22 30 19 3 27 6 13 23 15 18 5 4 29 16 31 25 2 12 10 33 8 32 34 11 24 7 21 9 28 17 26      10.2714
     225       1 14 20 22 30 19 3 27 6 13 23 15 18 5 4 29 16 31 25 2 12 10 33 8 32 34 11 24 7 21 9 28 17 26      10.2714
     226       1 14 20 22 30 19 3 27 6 13 23 15 18 5 4 29 16 31 25 2 12 10 33 8 32 34 11 24 7 21 9 28 17 26      10.2714
     227       1 14 20 22 30 19 3 27 6 13 23 15 18 5 4 29 16 31 25 2 12 10 33 8 32 34 11 24 7 21 9 28 17 26      10.2714
     228       1 14 20 22 30 19 3 27 6 13 23 15 18 5 4 29 16 31 25 2 12 10 33 8 32 34 11 24 7 21 9 28 17 26      10.2714
     229       1 14 20 22 30 19 3 27 6 13 23 15 18 5 4 29 16 31 25 2 12 10 33 8 32 34 11 24 7 21 9 28 17 26      10.2714
     230       1 14 20 22 30 19 3 27 6 13 23 15 18 5 4 29 16 31 25 2 12 10 33 8 32 34 11 24 7 21 9 28 17 26      10.2714
     231       1 14 20 22 30 19 3 27 6 13 23 15 18 5 4 29 16 31 25 2 12 10 33 8 32 34 11 24 7 21 9 28 17 26      10.2714
     232       1 14 20 22 30 19 3 27 6 13 23 15 18 5 4 29 16 31 25 2 12 10 33 8 32 34 11 24 7 21 9 28 17 26      10.2714
     233       1 14 20 22 30 19 3 27 6 13 23 15 18 5 4 29 16 31 25 2 12 10 33 8 32 34 11 24 7 21 9 28 17 26      10.2714
     234       1 14 20 22 30 19 3 27 6 13 23 15 18 5 4 29 16 31 25 2 12 10 33 8 32 34 11 24 7 21 9 28 17 26      10.2714
     235       1 14 20 22 30 19 3 27 6 13 23 15 18 5 4 29 16 31 25 2 12 10 33 8 32 34 11 24 7 21 9 28 17 26      10.2714
     236       1 14 20 22 30 19 3 27 6 13 23 15 18 5 4 29 16 31 25 2 12 10 33 8 32 34 11 24 7 21 9 28 17 26      10.2714
     237       1 14 20 22 30 19 3 27 6 13 23 15 18 5 4 29 16 31 25 2 12 10 33 8 32 34 11 24 7 21 9 28 17 26      10.2714
     238       1 14 20 22 30 19 3 27 6 13 23 15 18 5 4 29 16 31 25 2 12 10 33 8 32 34 11 24 7 21 9 28 17 26      10.2714
     239       1 14 20 22 30 19 3 27 6 13 23 15 18 5 4 29 16 31 25 2 12 10 33 8 32 34 11 24 7 21 9 28 17 26      10.2714
     240       1 14 20 22 30 19 3 27 6 13 23 15 18 5 4 29 16 31 25 2 12 10 33 8 32 34 11 24 7 21 9 28 17 26      10.2714
     241       1 14 20 22 30 19 3 27 6 13 23 15 18 5 4 29 16 31 25 2 12 10 33 8 32 34 11 24 7 21 9 28 17 26      10.2714
     242       1 14 20 22 30 19 3 27 6 13 23 15 18 5 4 29 16 31 25 2 12 10 33 8 32 34 11 24 7 21 9 28 17 26      10.2714
     243       1 14 20 22 30 19 3 27 6 13 23 15 18 5 4 29 16 31 25 2 12 10 33 8 32 34 11 24 7 21 9 28 17 26      10.2714
     244       1 14 20 22 30 19 3 27 6 13 23 15 18 5 4 29 16 31 25 2 12 10 33 8 32 34 11 24 7 21 9 28 17 26      10.2714
     245       1 14 20 22 30 19 3 27 6 13 23 15 18 5 4 29 16 31 25 2 12 10 33 8 32 34 11 24 7 21 9 28 17 26      10.2714
     246       1 14 20 22 30 19 3 27 6 13 23 15 18 5 4 29 16 31 25 2 12 10 33 8 32 34 11 24 7 21 9 28 17 26      10.2714
     247       1 14 20 22 30 19 3 27 6 13 23 15 18 5 4 29 16 31 25 2 12 10 33 8 32 34 11 24 7 21 9 28 17 26      10.2714
     248       1 14 20 22 30 19 3 27 6 13 23 15 18 5 4 29 16 31 25 2 12 10 33 8 32 34 11 24 7 21 9 28 17 26      10.2714
     249       1 14 20 22 30 19 3 27 6 13 23 15 18 5 4 29 16 31 25 2 12 10 33 8 32 34 11 24 7 21 9 28 17 26      10.2714
     250       1 14 20 22 30 19 3 27 6 13 23 15 18 5 4 29 16 31 25 2 12 10 33 8 32 34 11 24 7 21 9 28 17 26      10.2714
     251       1 14 20 22 30 19 3 27 6 13 23 15 18 5 4 29 16 31 25 2 12 10 33 8 32 34 11 24 7 21 9 28 17 26      10.2714
     252       1 14 20 22 30 19 3 27 6 13 23 15 18 5 4 29 16 31 25 2 12 10 33 8 32 34 11 24 7 21 9 28 17 26      10.2714
     253       1 14 20 22 30 19 3 27 6 13 23 15 18 5 4 29 16 31 25 2 12 10 33 8 32 34 11 24 7 21 9 28 17 26      10.2714
     254       1 14 20 22 30 19 3 27 6 13 23 15 18 5 4 29 16 31 25 2 12 10 33 8 32 34 11 24 7 21 9 28 17 26      10.2714
     255       1 14 20 22 30 19 3 27 6 13 23 15 18 5 4 29 16 31 25 2 12 10 33 8 32 34 11 24 7 21 9 28 17 26      10.2714
     256       1 14 20 22 30 19 3 27 6 13 23 15 18 5 4 29 16 31 25 2 12 10 33 8 32 34 11 24 7 21 9 28 17 26      10.2714
     257       1 14 20 22 30 19 3 27 6 13 23 15 18 5 4 29 16 31 25 2 12 10 33 8 32 34 11 24 7 21 9 28 17 26      10.2714
     258       1 14 20 22 30 19 3 27 6 13 23 15 18 5 4 29 16 31 25 2 12 10 33 8 32 34 11 24 7 21 9 28 17 26      10.2714
     259       1 14 20 22 30 19 3 27 6 13 23 15 18 5 4 29 16 31 25 2 12 10 33 8 32 34 11 24 7 21 9 28 17 26      10.2714
     260       1 14 20 22 30 19 3 27 6 13 23 15 18 5 4 29 16 31 25 2 12 10 33 8 32 34 11 24 7 21 9 28 17 26      10.2714
     261       1 14 20 22 30 19 3 27 6 13 23 15 18 5 4 29 16 31 25 2 12 10 33 8 32 34 11 24 7 21 9 28 17 26      10.2714
     262       1 14 20 22 30 19 3 27 6 13 23 15 18 5 4 29 16 31 25 2 12 10 33 8 32 34 11 24 7 21 9 28 17 26      10.2714
     263       1 14 20 22 30 19 3 27 6 13 23 15 18 5 4 29 16 31 25 2 12 10 33 8 32 34 11 24 7 21 9 28 17 26      10.2714
     264       1 14 20 22 30 19 3 27 6 13 23 15 18 5 4 29 16 31 25 2 12 10 33 8 32 34 11 24 7 21 9 28 17 26      10.2714
     265       1 14 20 22 30 19 3 27 6 13 23 15 18 5 4 29 16 31 25 2 12 10 33 8 32 34 11 24 7 21 9 28 17 26      10.2714
     266       1 14 20 22 30 19 3 27 6 13 23 15 18 5 4 29 16 31 25 2 12 10 33 8 32 34 11 24 7 21 9 28 17 26      10.2714
     267       1 14 20 22 30 19 3 27 6 13 23 15 18 5 4 29 16 31 25 2 12 10 33 8 32 34 11 24 7 21 9 28 17 26      10.2714
     268       1 14 20 22 30 19 3 27 6 13 23 15 18 5 4 29 16 31 25 2 12 10 33 8 32 34 11 24 7 21 9 28 17 26      10.2714
     269       1 14 20 22 30 19 3 27 6 13 23 15 18 5 4 29 16 31 25 2 12 10 33 8 32 34 11 24 7 21 9 28 17 26      10.2714
     270       1 14 20 22 30 19 3 27 6 13 23 15 18 5 4 29 16 31 25 2 12 10 33 8 32 34 11 24 7 21 9 28 17 26      10.2714
     271       1 14 20 22 30 19 3 27 6 13 23 15 18 5 4 29 16 31 25 2 12 10 33 8 32 34 11 24 7 21 9 28 17 26      10.2714
     272       1 14 20 22 30 19 3 27 6 13 23 15 18 5 4 29 16 31 25 2 12 10 33 8 32 34 11 24 7 21 9 28 17 26      10.2714
     273       1 14 20 22 30 19 3 27 6 13 23 15 18 5 4 29 16 31 25 2 12 10 33 8 32 34 11 24 7 21 9 28 17 26      10.2714
     274       1 14 20 22 30 19 3 27 6 13 23 15 18 5 4 29 16 31 25 2 12 10 33 8 32 34 11 24 7 21 9 28 17 26      10.2714
     275       1 14 20 22 30 19 3 27 6 13 23 15 18 5 4 29 16 31 25 2 12 10 33 8 32 34 11 24 7 21 9 28 17 26      10.2714
     276       1 14 20 22 30 19 3 27 6 13 23 15 18 5 4 29 16 31 25 2 12 10 33 8 32 34 11 24 7 21 9 28 17 26      10.2714
     277       1 14 20 22 30 19 3 27 6 13 23 15 18 5 4 29 16 31 25 2 12 10 33 8 32 34 11 24 7 21 9 28 17 26      10.2714
     278       1 14 20 22 30 19 3 27 6 13 23 15 18 5 4 29 16 31 25 2 12 10 33 8 32 34 11 24 7 21 9 28 17 26      10.2714
     279       1 14 20 22 30 19 3 27 6 13 23 15 18 5 4 29 16 31 25 2 12 10 33 8 32 34 11 24 7 21 9 28 17 26      10.2714
     280       1 14 20 22 30 19 3 27 6 13 23 15 18 5 4 29 16 31 25 2 12 10 33 8 32 34 11 24 7 21 9 28 17 26      10.2714
     281       1 14 20 22 30 19 3 27 6 13 23 15 18 5 4 29 16 31 25 2 12 10 33 8 32 34 11 24 7 21 9 28 17 26      10.2714
     282       1 14 20 22 30 19 3 27 6 13 23 15 18 5 4 29 16 31 25 2 12 10 33 8 32 34 11 24 7 21 9 28 17 26      10.2714
     283       1 14 20 22 30 19 3 27 6 13 23 15 18 5 4 29 16 31 25 2 12 10 33 8 32 34 11 24 7 21 9 28 17 26      10.2714
     284       1 14 20 22 30 19 3 27 6 13 23 15 18 5 4 29 16 31 25 2 12 10 33 8 32 34 11 24 7 21 9 28 17 26      10.2714
     285       1 14 20 22 30 19 3 27 6 13 23 15 18 5 4 29 16 31 25 2 12 10 33 8 32 34 11 24 7 21 9 28 17 26      10.2714
     286       1 14 20 22 30 19 3 27 6 13 23 15 18 5 4 29 16 31 25 2 12 10 33 8 32 34 11 24 7 21 9 28 17 26      10.2714
     287       1 14 20 22 30 19 3 27 6 13 23 15 18 5 4 29 16 31 25 2 12 10 33 8 32 34 11 24 7 21 9 28 17 26      10.2714
     288       1 14 20 22 30 19 3 27 6 13 23 15 18 5 4 29 16 31 25 2 12 10 33 8 32 34 11 24 7 21 9 28 17 26      10.2714
     289       1 14 20 22 30 19 3 27 6 13 23 15 18 5 4 29 16 31 25 2 12 10 33 8 32 34 11 24 7 21 9 28 17 26      10.2714
     290       1 14 20 22 30 19 3 27 6 13 23 15 18 5 4 29 16 31 25 2 12 10 33 8 32 34 11 24 7 21 9 28 17 26      10.2714
     291       1 14 20 22 30 19 3 27 6 13 23 15 18 5 4 29 16 31 25 2 12 10 33 8 32 34 11 24 7 21 9 28 17 26      10.2714
     292       1 14 20 22 30 19 3 27 6 13 23 15 18 5 4 29 16 31 25 2 12 10 33 8 32 34 11 24 7 21 9 28 17 26      10.2714
     293       1 14 20 22 30 19 3 27 6 13 23 15 18 5 4 29 16 31 25 2 12 10 33 8 32 34 11 24 7 21 9 28 17 26      10.2714
     294       1 14 20 22 30 19 3 27 6 13 23 15 18 5 4 29 16 31 25 2 12 10 33 8 32 34 11 24 7 21 9 28 17 26      10.2714
     295       1 14 20 22 30 19 3 27 6 13 23 15 18 5 4 29 16 31 25 2 12 10 33 8 32 34 11 24 7 21 9 28 17 26      10.2714
     296       1 14 20 22 30 19 3 27 6 13 23 15 18 5 4 29 16 31 25 2 12 10 33 8 32 34 11 24 7 21 9 28 17 26      10.2714
     297       1 14 20 22 30 19 3 27 6 13 23 15 18 5 4 29 16 31 25 2 12 10 33 8 32 34 11 24 7 21 9 28 17 26      10.2714
     298       1 14 20 22 30 19 3 27 6 13 23 15 18 5 4 29 16 31 25 2 12 10 33 8 32 34 11 24 7 21 9 28 17 26      10.2714
     299       1 14 20 22 30 19 3 27 6 13 23 15 18 5 4 29 16 31 25 2 12 10 33 8 32 34 11 24 7 21 9 28 17 26      10.2714
     300       1 14 20 22 30 19 3 27 6 13 23 15 18 5 4 29 16 31 25 2 12 10 33 8 32 34 11 24 7 21 9 28 17 26      10.2714
     301       1 14 20 22 30 19 3 27 6 13 23 15 18 5 4 29 16 31 25 2 12 10 33 8 32 34 11 24 7 21 9 28 17 26      10.2714
     302       1 14 20 22 30 19 3 27 6 13 23 15 18 5 4 29 16 31 25 2 12 10 33 8 32 34 11 24 7 21 9 28 17 26      10.2714
     303       1 14 20 22 30 19 3 27 6 13 23 15 18 5 4 29 16 31 25 2 12 10 33 8 32 34 11 24 7 21 9 28 17 26      10.2714
     304       1 14 20 22 30 19 3 27 6 13 23 15 18 5 4 29 16 31 25 2 12 10 33 8 32 34 11 24 7 21 9 28 17 26      10.2714
     305       1 14 20 22 30 19 3 27 6 13 23 15 18 5 4 29 16 31 25 2 12 10 33 8 32 34 11 24 7 21 9 28 17 26      10.2714
     306       1 14 20 22 30 19 3 27 6 13 23 15 18 5 4 29 16 31 25 2 12 10 33 8 32 34 11 24 7 21 9 28 17 26      10.2714
     307       1 14 20 22 30 19 3 27 6 13 23 15 18 5 4 29 16 31 25 2 12 10 33 8 32 34 11 24 7 21 9 28 17 26      10.2714
     308       1 14 20 22 30 19 3 27 6 13 23 15 18 5 4 29 16 31 25 2 12 10 33 8 32 34 11 24 7 21 9 28 17 26      10.2714
     309       1 14 20 22 30 19 3 27 6 13 23 15 18 5 4 29 16 31 25 2 12 10 33 8 32 34 11 24 7 21 9 28 17 26      10.2714
     310       1 14 20 22 30 19 3 27 6 13 23 15 18 5 4 29 16 31 25 2 12 10 33 8 32 34 11 24 7 21 9 28 17 26      10.2714
     311       1 14 20 22 30 19 3 27 6 13 23 15 18 5 4 29 16 31 25 2 12 10 33 8 32 34 11 24 7 21 9 28 17 26      10.2714
     312       1 14 20 22 30 19 3 27 6 13 23 15 18 5 4 29 16 31 25 2 12 10 33 8 32 34 11 24 7 21 9 28 17 26      10.2714
     313       1 14 20 22 30 19 3 27 6 13 23 15 18 5 4 29 16 31 25 2 12 10 33 8 32 34 11 24 7 21 9 28 17 26      10.2714
     314       1 14 20 22 30 19 3 27 6 13 23 15 18 5 4 29 16 31 25 2 12 10 33 8 32 34 11 24 7 21 9 28 17 26      10.2714
     315       1 14 20 22 30 19 3 27 6 13 23 15 18 5 4 29 16 31 25 2 12 10 33 8 32 34 11 24 7 21 9 28 17 26      10.2714
     316       1 14 20 22 30 19 3 27 6 13 23 15 18 5 4 29 16 31 25 2 12 10 33 8 32 34 11 24 7 21 9 28 17 26      10.2714
     317       1 14 20 22 30 19 3 27 6 13 23 15 18 5 4 29 16 31 25 2 12 10 33 8 32 34 11 24 7 21 9 28 17 26      10.2714
     318       1 14 20 22 30 19 3 27 6 13 23 15 18 5 4 29 16 31 25 2 12 10 33 8 32 34 11 24 7 21 9 28 17 26      10.2714
     319       1 14 20 22 30 19 3 27 6 13 23 15 18 5 4 29 16 31 25 2 12 10 33 8 32 34 11 24 7 21 9 28 17 26      10.2714
     320       1 14 20 22 30 19 3 27 6 13 23 15 18 5 4 29 16 31 25 2 12 10 33 8 32 34 11 24 7 21 9 28 17 26      10.2714
     321       1 14 20 22 30 19 3 27 6 13 23 15 18 5 4 29 16 31 25 2 12 10 33 8 32 34 11 24 7 21 9 28 17 26      10.2714
     322       1 14 20 22 30 19 3 27 6 13 23 15 18 5 4 29 16 31 25 2 12 10 33 8 32 34 11 24 7 21 9 28 17 26      10.2714
     323       1 14 20 22 30 19 3 27 6 13 23 15 18 5 4 29 16 31 25 2 12 10 33 8 32 34 11 24 7 21 9 28 17 26      10.2714
     324       1 14 20 22 30 19 3 27 6 13 23 15 18 5 4 29 16 31 25 2 12 10 33 8 32 34 11 24 7 21 9 28 17 26      10.2714
     325       1 14 20 22 30 19 3 27 6 13 23 15 18 5 4 29 16 31 25 2 12 10 33 8 32 34 11 24 7 21 9 28 17 26      10.2714
     326       1 14 20 22 30 19 3 27 6 13 23 15 18 5 4 29 16 31 25 2 12 10 33 8 32 34 11 24 7 21 9 28 17 26      10.2714
     327       1 14 20 22 30 19 3 27 6 13 23 15 18 5 4 29 16 31 25 2 12 10 33 8 32 34 11 24 7 21 9 28 17 26      10.2714
     328       1 14 20 22 30 19 3 27 6 13 23 15 18 5 4 29 16 31 25 2 12 10 33 8 32 34 11 24 7 21 9 28 17 26      10.2714
     329       1 14 20 22 30 19 3 27 6 13 23 15 18 5 4 29 16 31 25 2 12 10 33 8 32 34 11 24 7 21 9 28 17 26      10.2714
     330       1 14 20 22 30 19 3 27 6 13 23 15 5 18 4 29 16 31 25 2 12 10 33 8 32 34 11 24 7 21 9 28 17 26      10.0457
     331       1 14 20 22 30 19 3 27 6 13 23 15 5 18 4 29 16 31 25 2 12 10 33 8 32 34 11 24 7 21 9 28 17 26      10.0457
     332       1 14 20 22 30 19 3 27 6 13 23 15 5 18 4 29 16 31 25 2 12 10 33 8 32 34 11 24 7 21 9 28 17 26      10.0457
     333       1 14 20 22 30 19 3 27 6 13 23 15 5 18 4 29 16 31 25 2 12 10 33 8 32 34 11 24 7 21 9 28 17 26      10.0457
     334       1 14 20 22 30 19 3 27 6 13 23 15 5 18 4 29 16 31 25 2 12 10 33 8 32 34 11 24 7 21 9 28 17 26      10.0457
     335       1 14 20 22 30 19 3 27 6 13 23 15 5 18 4 29 16 31 25 2 12 10 33 8 32 34 11 24 7 21 9 28 17 26      10.0457
     336       1 14 20 22 30 19 3 27 6 13 23 15 5 18 4 29 16 31 25 2 12 10 33 8 32 34 11 24 7 21 9 28 17 26      10.0457
     337       1 14 20 22 30 19 3 27 6 13 23 15 5 18 4 29 16 31 25 2 12 10 33 8 32 34 11 24 7 21 9 28 17 26      10.0457
     338       1 14 20 22 30 19 3 27 6 13 23 15 5 18 4 29 16 31 25 2 12 10 33 8 32 34 11 24 7 21 9 28 17 26      10.0457
     339       1 14 20 22 30 19 3 27 6 13 23 15 5 18 4 29 16 31 25 2 12 10 33 8 32 34 11 24 7 21 9 28 17 26      10.0457
     340       1 14 20 22 30 19 3 27 6 13 23 15 5 18 4 29 16 31 25 2 12 10 33 8 32 34 11 24 7 21 9 28 17 26      10.0457
     341       1 14 20 22 30 19 3 27 6 13 23 15 5 18 4 29 16 31 25 2 12 10 33 8 32 34 11 24 7 21 9 28 17 26      10.0457
     342       1 14 20 22 30 19 3 27 6 13 23 15 5 18 4 29 16 31 25 2 12 10 33 8 32 34 11 24 7 21 9 28 17 26      10.0457
     343       1 14 20 22 30 19 3 27 6 13 23 15 5 18 4 29 16 31 25 2 12 10 33 8 32 34 11 24 7 21 9 28 17 26      10.0457
     344       1 14 20 22 30 19 3 27 6 13 23 15 5 18 4 29 16 31 25 2 12 10 33 8 32 34 11 24 7 21 9 28 17 26      10.0457
     345       1 14 20 22 30 19 3 27 6 13 23 15 5 18 4 29 16 31 25 2 12 10 33 8 32 34 11 24 7 21 9 28 17 26      10.0457
     346       1 14 20 22 30 19 3 27 6 13 23 15 5 18 4 29 16 31 25 2 12 10 33 8 32 34 11 24 7 21 9 28 17 26      10.0457
     347       1 14 20 22 30 19 3 27 6 13 23 15 5 18 4 29 16 31 25 2 12 10 33 8 32 34 11 24 7 21 9 28 17 26      10.0457
     348       1 14 20 22 30 19 3 27 6 13 23 15 5 18 4 29 16 31 25 2 12 10 33 8 32 34 11 24 7 21 9 28 17 26      10.0457
     349       1 14 20 22 30 19 3 27 6 13 23 15 5 18 4 29 16 31 25 2 12 10 33 8 32 34 11 24 7 21 9 28 17 26      10.0457
     350       1 14 20 22 30 19 3 27 6 13 23 15 5 18 4 29 16 31 25 2 12 10 33 8 32 34 11 24 7 21 9 28 17 26      10.0457
     351       1 14 20 22 30 19 3 27 6 13 23 15 5 18 4 29 16 31 25 2 12 10 33 8 32 34 11 24 7 21 9 28 17 26      10.0457
     352       1 14 20 22 30 19 3 27 6 13 23 15 5 18 4 29 16 31 25 2 12 10 33 8 32 34 11 24 7 21 9 28 17 26      10.0457
     353       1 14 20 22 30 19 3 27 6 13 23 15 5 18 4 29 16 31 25 2 12 10 33 8 32 34 11 24 7 21 9 28 17 26      10.0457
     354       1 14 20 22 30 19 3 27 6 13 23 15 5 18 4 29 16 31 25 2 12 10 33 8 32 34 11 24 7 21 9 28 17 26      10.0457
     355       1 14 20 22 30 19 3 27 6 13 23 15 5 18 4 29 16 31 25 2 12 10 33 8 32 34 11 24 7 21 9 28 17 26      10.0457
     356       1 14 20 22 30 19 3 27 6 13 23 15 5 18 4 29 16 31 25 2 12 10 33 8 32 34 11 24 7 21 9 28 17 26      10.0457
     357       1 14 20 22 30 19 3 27 6 13 23 15 5 18 4 29 16 31 25 2 12 10 33 8 32 34 11 24 7 21 9 28 17 26      10.0457
     358       1 14 20 22 30 19 3 27 6 13 23 15 5 18 4 29 16 31 25 2 12 10 33 8 32 34 11 24 7 21 9 28 17 26      10.0457
     359       1 14 20 22 30 19 3 27 6 13 23 15 5 18 4 29 16 31 25 2 12 10 33 8 32 34 11 24 7 21 9 28 17 26      10.0457
     360       1 14 20 22 30 19 3 27 6 13 23 15 5 18 4 29 16 31 25 2 12 10 33 8 32 34 11 24 7 21 9 28 17 26      10.0457
     361       1 14 20 22 30 19 3 27 6 13 23 15 5 18 4 29 16 31 25 2 12 10 33 8 32 34 11 24 7 21 9 28 17 26      10.0457
     362       1 14 20 22 30 19 3 27 6 13 23 15 5 18 4 29 16 31 25 2 12 10 33 8 32 34 11 24 7 21 9 28 17 26      10.0457
     363       1 14 20 22 30 19 3 27 6 13 23 15 5 18 4 29 16 31 25 2 12 10 33 8 32 34 11 24 7 21 9 28 17 26      10.0457
     364       1 14 20 22 30 19 3 27 6 13 23 15 5 18 4 29 16 31 25 2 12 10 33 8 32 34 11 24 7 21 9 28 17 26      10.0457
     365       1 14 20 22 30 19 3 27 6 13 23 15 5 18 4 29 16 31 25 2 12 10 33 8 32 34 11 24 7 21 9 28 17 26      10.0457
     366       1 14 20 22 30 19 3 27 6 13 23 15 5 18 4 29 16 31 25 2 12 10 33 8 32 34 11 24 7 21 9 28 17 26      10.0457
     367       1 14 20 22 30 19 3 27 6 13 23 15 5 18 4 29 16 31 25 2 12 10 33 8 32 34 11 24 7 21 9 28 17 26      10.0457
     368       1 14 20 22 30 19 3 27 6 13 23 15 5 18 4 29 16 31 25 2 12 10 33 8 32 34 11 24 7 21 9 28 17 26      10.0457
     369       1 14 20 22 30 19 3 27 6 13 23 15 5 18 4 29 16 31 25 2 12 10 33 8 32 34 11 24 7 21 9 28 17 26      10.0457
     370       1 14 20 22 30 19 3 27 6 13 23 15 5 18 4 29 16 31 25 2 12 10 33 8 32 34 11 24 7 21 9 28 17 26      10.0457
     371       1 14 20 22 30 19 3 27 6 13 23 15 5 18 4 29 16 31 25 2 12 10 33 8 32 34 11 24 7 21 9 28 17 26      10.0457
     372       1 14 20 22 30 19 3 27 6 13 23 15 5 18 4 29 16 31 25 2 12 10 33 8 32 34 11 24 7 21 9 28 17 26      10.0457
     373       1 14 20 22 30 19 3 27 6 13 23 15 5 18 4 29 16 31 25 2 12 10 33 8 32 34 11 24 7 21 9 28 17 26      10.0457
     374       1 14 20 22 30 19 3 27 6 13 23 15 5 18 4 29 16 31 25 2 12 10 33 8 32 34 11 24 7 21 9 28 17 26      10.0457
     375       1 14 20 22 30 19 3 27 6 13 23 15 5 18 4 29 16 31 25 2 12 10 33 8 32 34 11 24 7 21 9 28 17 26      10.0457
     376       1 14 20 22 30 19 3 27 6 13 23 15 5 18 4 29 16 31 25 2 12 10 33 8 32 34 11 24 7 21 9 28 17 26      10.0457
     377       1 14 20 22 30 19 3 27 6 13 23 15 5 18 4 29 16 31 25 2 12 10 33 8 32 34 11 24 7 21 9 28 17 26      10.0457
     378       1 14 20 22 30 19 3 27 6 13 23 15 5 18 4 29 16 31 25 2 12 10 33 8 32 34 11 24 7 21 9 28 17 26      10.0457
     379       1 14 20 22 30 19 3 27 6 13 23 15 5 18 4 29 16 31 25 2 12 10 33 8 32 34 11 24 7 21 9 28 17 26      10.0457
     380       1 14 20 22 30 19 3 27 6 13 23 15 5 18 4 29 16 31 25 2 12 10 33 8 32 34 11 24 7 21 9 28 17 26      10.0457
     381       1 14 20 22 30 19 3 27 6 13 23 15 5 18 4 29 16 31 25 2 12 10 33 8 32 34 11 24 7 21 9 28 17 26      10.0457
     382       1 14 20 22 30 19 3 27 6 13 23 15 5 18 4 29 16 31 25 2 12 10 33 8 32 34 11 24 7 21 9 28 17 26      10.0457
     383       1 14 20 22 30 19 3 27 6 13 23 15 5 18 4 29 16 31 25 2 12 10 33 8 32 34 11 24 7 21 9 28 17 26      10.0457
     384       1 14 20 22 30 19 3 27 6 13 23 15 5 18 4 29 16 31 25 2 12 10 33 8 32 34 11 24 7 21 9 28 17 26      10.0457
     385       1 14 20 22 30 19 3 27 6 13 23 15 5 18 4 29 16 31 25 2 12 10 33 8 32 34 11 24 7 21 9 28 17 26      10.0457
     386       1 14 20 22 30 19 3 27 6 13 23 15 5 18 4 29 16 31 25 2 12 10 33 8 32 34 11 24 7 21 9 28 17 26      10.0457
     387       1 14 20 22 30 19 3 27 6 13 23 15 5 18 4 29 16 31 25 2 12 10 33 8 32 34 11 24 7 21 9 28 17 26      10.0457
     388       1 14 20 22 30 19 3 27 6 13 23 15 5 18 4 29 16 31 25 2 12 10 33 8 32 34 11 24 7 21 9 28 17 26      10.0457
     389       1 14 20 22 30 19 3 27 6 13 23 15 5 18 4 29 16 31 25 2 12 10 33 8 32 34 11 24 7 21 9 28 17 26      10.0457
     390       1 14 20 22 30 19 3 27 6 13 23 15 5 18 4 29 16 31 25 2 12 10 33 8 32 34 11 24 7 21 9 28 17 26      10.0457
     391       1 14 20 22 30 19 3 27 6 13 23 15 5 18 4 29 16 31 25 2 12 10 33 8 32 34 11 24 7 21 9 28 17 26      10.0457
     392       1 14 20 22 30 19 3 27 6 13 23 15 5 18 4 29 16 31 25 2 12 10 33 8 32 34 11 24 7 21 9 28 17 26      10.0457
     393       1 14 20 22 30 19 3 27 6 13 23 15 5 18 4 29 16 31 25 2 12 10 33 8 32 34 11 24 7 21 9 28 17 26      10.0457
     394       1 14 20 22 30 19 3 27 6 13 23 15 5 18 4 29 16 31 25 2 12 10 33 8 32 34 11 24 7 21 9 28 17 26      10.0457
     395       1 14 20 22 30 19 3 27 6 13 23 15 5 18 4 29 16 31 25 2 12 10 33 8 32 34 11 24 7 21 9 28 17 26      10.0457
     396       1 14 20 22 30 19 3 27 6 13 23 15 5 18 4 29 16 31 25 2 12 10 33 8 32 34 11 24 7 21 9 28 17 26      10.0457
     397       1 14 20 22 30 19 3 27 6 13 23 15 5 18 4 29 16 31 25 2 12 10 33 8 32 34 11 24 7 21 9 28 17 26      10.0457
     398       1 14 20 22 30 19 3 27 6 13 23 15 5 18 4 29 16 31 25 2 12 10 33 8 32 34 11 24 7 21 9 28 17 26      10.0457
     399       1 14 20 22 30 19 3 27 6 13 23 15 5 18 4 29 16 31 25 2 12 10 33 8 32 34 11 24 7 21 9 28 17 26      10.0457
     400       1 14 20 22 30 19 3 27 6 13 23 15 5 18 4 29 16 31 25 2 12 10 33 8 32 34 11 24 7 21 9 28 17 26      10.0457
     401       1 14 20 22 30 19 3 27 6 13 23 15 5 18 4 29 16 31 25 2 12 10 33 8 32 34 11 24 7 21 9 28 17 26      10.0457
     402       1 14 20 22 30 19 3 27 6 13 23 15 5 18 4 29 16 31 25 2 12 10 33 8 32 34 11 24 7 21 9 28 17 26      10.0457
     403       1 14 20 22 30 19 3 27 6 13 23 15 5 18 4 29 16 31 25 2 12 10 33 8 32 34 11 24 7 21 9 28 17 26      10.0457
     404       1 14 20 22 30 19 3 27 6 13 23 15 5 18 4 29 16 31 25 2 12 10 33 8 32 34 11 24 7 21 9 28 17 26      10.0457
     405       1 14 20 22 30 19 3 27 6 13 23 15 5 18 4 29 16 31 25 2 12 10 33 8 32 34 11 24 7 21 9 28 17 26      10.0457
     406       1 14 20 22 30 19 3 27 6 13 23 15 5 18 4 29 16 31 25 2 12 10 33 8 32 34 11 24 7 21 9 28 17 26      10.0457
     407       1 14 20 22 30 19 3 27 6 13 23 15 5 18 4 29 16 31 25 2 12 10 33 8 32 34 11 24 7 21 9 28 17 26      10.0457
     408       1 14 20 22 30 19 3 27 6 13 23 15 5 18 4 29 16 31 25 2 12 10 33 8 32 34 11 24 7 21 9 28 17 26      10.0457
     409       1 14 20 22 30 19 3 27 6 13 23 15 5 18 4 29 16 31 25 2 12 10 33 8 32 34 11 24 7 21 9 28 17 26      10.0457
     410       1 14 20 22 30 19 3 27 6 13 23 15 5 18 4 29 16 31 25 2 12 10 33 8 32 34 11 24 7 21 9 28 17 26      10.0457
     411       1 14 20 22 30 19 3 27 6 13 23 15 5 18 4 29 16 31 25 2 12 10 33 8 32 34 11 24 7 21 9 28 17 26      10.0457
     412       1 14 20 22 30 19 3 27 6 13 23 15 5 18 4 29 16 31 25 2 12 10 33 8 32 34 11 24 7 21 9 28 17 26      10.0457
     413       1 14 20 22 30 19 3 27 6 13 23 15 5 18 4 29 16 31 25 2 12 10 33 8 32 34 11 24 7 21 9 28 17 26      10.0457
     414       1 14 20 22 30 19 3 27 6 13 23 15 5 18 4 29 16 31 25 2 12 10 33 8 32 34 11 24 7 21 9 28 17 26      10.0457
     415       1 14 20 22 30 19 3 27 6 13 23 15 5 18 4 29 16 31 25 2 12 10 33 8 32 34 11 24 7 21 9 28 17 26      10.0457
     416       1 14 20 22 30 19 3 27 6 13 23 15 5 18 4 29 16 31 25 2 12 10 33 8 32 34 11 24 7 21 9 28 17 26      10.0457
     417       1 14 20 22 30 19 3 27 6 13 23 15 5 18 4 29 16 31 25 2 12 10 33 8 32 34 11 24 7 21 9 28 17 26      10.0457
     418       1 14 20 22 30 19 3 27 6 13 23 15 5 18 4 29 16 31 25 2 12 10 33 8 32 34 11 24 7 21 9 28 17 26      10.0457
     419       1 14 20 22 30 19 3 27 6 13 23 15 5 18 4 29 16 31 25 2 12 10 33 8 32 34 11 24 7 21 9 28 17 26      10.0457
     420       1 14 20 22 30 19 3 27 6 13 23 15 5 18 4 29 16 31 25 2 12 10 33 8 32 34 11 24 7 21 9 28 17 26      10.0457
     421       1 14 20 22 30 19 3 27 6 13 23 15 5 18 4 29 16 31 25 2 12 10 33 8 32 34 11 24 7 21 9 28 17 26      10.0457
     422       1 14 20 22 30 19 3 27 6 13 23 15 5 18 4 29 16 31 25 2 12 10 33 8 32 34 11 24 7 21 9 28 17 26      10.0457
     423       1 14 20 22 30 19 3 27 6 13 23 15 5 18 4 29 16 31 25 2 12 10 33 8 32 34 11 24 7 21 9 28 17 26      10.0457
     424       1 14 20 22 30 19 3 27 6 13 23 15 5 18 4 29 16 31 25 2 12 10 33 8 32 34 11 24 7 21 9 28 17 26      10.0457
     425       1 14 20 22 30 19 3 27 6 13 23 15 5 18 4 29 16 31 25 2 12 10 33 8 32 34 11 24 7 21 9 28 17 26      10.0457
     426       1 14 20 22 30 19 3 27 6 13 23 15 5 18 4 29 16 31 25 2 12 10 33 8 32 34 11 24 7 21 9 28 17 26      10.0457
     427       1 14 20 22 30 19 3 27 6 13 23 15 5 18 4 29 16 31 25 2 12 10 33 8 32 34 11 24 7 21 9 28 17 26      10.0457
     428       1 14 20 22 30 19 3 27 6 13 23 15 5 18 4 29 16 31 25 2 12 10 33 8 32 34 11 24 7 21 9 28 17 26      10.0457
     429       1 14 20 22 30 19 3 27 6 13 23 15 5 18 4 29 16 31 25 2 12 10 33 8 32 34 11 24 7 21 9 28 17 26      10.0457
     430       1 14 20 22 30 19 3 27 6 13 23 15 5 18 4 29 16 31 25 2 12 10 33 8 32 34 11 24 7 21 9 28 17 26      10.0457
     431       1 14 20 22 30 19 3 27 6 13 23 15 5 18 4 29 16 31 25 2 12 10 33 8 32 34 11 24 7 21 9 28 17 26      10.0457
     432       1 14 20 22 30 19 3 27 6 13 23 15 5 18 4 29 16 31 25 2 12 10 33 8 32 34 11 24 7 21 9 28 17 26      10.0457
     433       1 14 20 22 30 19 3 27 6 13 23 15 5 18 4 29 16 31 25 2 12 10 33 8 32 34 11 24 7 21 9 28 17 26      10.0457
     434       1 14 20 22 30 19 3 27 6 13 23 15 5 18 4 29 16 31 25 2 12 10 33 8 32 34 11 24 7 21 9 28 17 26      10.0457
     435       1 14 20 22 30 19 3 27 6 13 23 15 5 18 4 29 16 31 25 2 12 10 33 8 32 34 11 24 7 21 9 28 17 26      10.0457
     436       1 14 20 22 30 19 3 27 6 13 23 15 5 18 4 29 16 31 25 2 12 10 33 8 32 34 11 24 7 21 9 28 17 26      10.0457
     437       1 14 20 22 30 19 3 27 6 13 23 15 5 18 4 29 16 31 25 2 12 10 33 8 32 34 11 24 7 21 9 28 17 26      10.0457
     438       1 14 20 22 30 19 3 27 6 13 23 15 5 18 4 29 16 31 25 2 12 10 33 8 32 34 11 24 7 21 9 28 17 26      10.0457
     439       1 14 20 22 30 19 3 27 6 13 23 15 5 18 4 29 16 31 25 2 12 10 33 8 32 34 11 24 7 21 9 28 17 26      10.0457
     440       1 14 20 22 30 19 3 27 6 13 23 15 5 18 4 29 16 31 25 2 12 10 33 8 32 34 11 24 7 21 9 28 17 26      10.0457
     441       1 14 20 22 30 19 3 27 6 13 23 15 5 18 4 29 16 31 25 2 12 10 33 8 32 34 11 24 7 21 9 28 17 26      10.0457
     442       1 14 20 22 30 19 3 27 6 13 23 15 5 18 4 29 16 31 25 2 12 10 33 8 32 34 11 24 7 21 9 28 17 26      10.0457
     443       1 14 20 22 30 19 3 27 6 13 23 15 5 18 4 29 16 31 25 2 12 10 33 8 32 34 11 24 7 21 9 28 17 26      10.0457
     444       1 14 20 22 30 19 3 27 6 13 23 15 5 18 4 29 16 31 25 2 12 10 33 8 32 34 11 24 7 21 9 28 17 26      10.0457
     445       1 14 20 22 30 19 3 27 6 13 23 15 5 18 4 29 16 31 25 2 12 10 33 8 32 34 11 24 7 21 9 28 17 26      10.0457
     446       1 14 20 22 30 19 3 27 6 13 23 15 5 18 4 29 16 31 25 2 12 10 33 8 32 34 11 24 7 21 9 28 17 26      10.0457
     447       1 14 20 22 30 19 3 27 6 13 23 15 5 18 4 29 16 31 25 2 12 10 33 8 32 34 11 24 7 21 9 28 17 26      10.0457
     448       1 14 20 22 30 19 3 27 6 13 23 15 5 18 4 29 16 31 25 2 12 10 33 8 32 34 11 24 7 21 9 28 17 26      10.0457
     449       1 14 20 22 30 19 3 27 6 13 23 15 5 18 4 29 16 31 25 2 12 10 33 8 32 34 11 24 7 21 9 28 17 26      10.0457
     450       1 14 20 22 30 19 3 27 6 13 23 15 5 18 4 29 16 31 25 2 12 10 33 8 32 34 11 24 7 21 9 28 17 26      10.0457
     451       1 14 20 22 30 19 3 27 6 13 23 15 5 18 4 29 16 31 25 2 12 10 33 8 32 34 11 24 7 21 9 28 17 26      10.0457
     452       1 14 20 22 30 19 3 27 6 13 23 15 5 18 4 29 16 31 25 2 12 10 33 8 32 34 11 24 7 21 9 28 17 26      10.0457
     453       1 14 20 22 30 19 3 27 6 13 23 15 5 18 4 29 16 31 25 2 12 10 33 8 32 34 11 24 7 21 9 28 17 26      10.0457
     454       1 14 20 22 30 19 3 27 6 13 23 15 5 18 4 29 16 31 25 2 12 10 33 8 32 34 11 24 7 21 9 28 17 26      10.0457
     455       1 14 20 22 30 19 3 27 6 13 23 15 5 18 4 29 16 31 25 2 12 10 33 8 32 34 11 24 7 21 9 28 17 26      10.0457
     456       1 14 20 22 30 19 3 27 6 13 23 15 5 18 4 29 16 31 25 2 12 10 33 8 32 34 11 24 7 21 9 28 17 26      10.0457
     457       1 14 20 22 30 19 3 27 6 13 23 15 5 18 4 29 16 31 25 2 12 10 33 8 32 34 11 24 7 21 9 28 17 26      10.0457
     458       1 14 20 22 30 19 3 27 6 13 23 15 5 18 4 29 16 31 25 2 12 10 33 8 32 34 11 24 7 21 9 28 17 26      10.0457
     459       1 14 20 22 30 19 3 27 6 13 23 15 5 18 4 29 16 31 25 2 12 10 33 8 32 34 11 24 7 21 9 28 17 26      10.0457
     460       1 14 20 22 30 19 3 27 6 13 23 15 5 18 4 29 16 31 25 2 12 10 33 8 32 34 11 24 7 21 9 28 17 26      10.0457
     461       1 14 20 22 30 19 3 27 6 13 23 15 5 18 4 29 16 31 25 2 12 10 33 8 32 34 11 24 7 21 9 28 17 26      10.0457
     462       1 14 20 22 30 19 3 27 6 13 23 15 5 18 4 29 16 31 25 2 12 10 33 8 32 34 11 24 7 21 9 28 17 26      10.0457
     463       1 14 20 22 30 19 3 27 6 13 23 15 5 18 4 29 16 31 25 2 12 10 33 8 32 34 11 24 7 21 9 28 17 26      10.0457
     464       1 14 20 22 30 19 3 27 6 13 23 15 5 18 4 29 16 31 25 2 12 10 33 8 32 34 11 24 7 21 9 28 17 26      10.0457
     465       1 14 20 22 30 19 3 27 6 13 23 15 5 18 4 29 16 31 25 2 12 10 33 8 32 34 11 24 7 21 9 28 17 26      10.0457
     466       1 14 20 22 30 19 3 27 6 13 23 15 5 18 4 29 16 31 25 2 12 10 33 8 32 34 11 24 7 21 9 28 17 26      10.0457
     467       1 14 20 22 30 19 3 27 6 13 23 15 5 18 4 29 16 31 25 2 12 10 33 8 32 34 11 24 7 21 9 28 17 26      10.0457
     468       1 14 20 22 30 19 3 27 6 13 23 15 5 18 4 29 16 31 25 2 12 10 33 8 32 34 11 24 7 21 9 28 17 26      10.0457
     469       1 14 20 22 30 19 3 27 6 13 23 15 5 18 4 29 16 31 25 2 12 10 33 8 32 34 11 24 7 21 9 28 17 26      10.0457
     470       1 14 20 22 30 19 3 27 6 13 23 15 5 18 4 29 16 31 25 2 12 10 33 8 32 34 11 24 7 21 9 28 17 26      10.0457
     471       1 14 20 22 30 19 3 27 6 13 23 15 5 18 4 29 16 31 25 2 12 10 33 8 32 34 11 24 7 21 9 28 17 26      10.0457
     472       1 14 20 22 30 19 3 27 6 13 23 15 5 18 4 29 16 31 25 2 12 10 33 8 32 34 11 24 7 21 9 28 17 26      10.0457
     473       1 14 20 22 30 19 3 27 6 13 23 15 5 18 4 29 16 31 25 2 12 10 33 8 32 34 11 24 7 21 9 28 17 26      10.0457
     474       1 14 20 22 30 19 3 27 6 13 23 15 5 18 4 29 16 31 25 2 12 10 33 8 32 34 11 24 7 21 9 28 17 26      10.0457
     475       1 14 20 22 30 19 3 27 6 13 23 15 5 18 4 29 16 31 25 2 12 10 33 8 32 34 11 24 7 21 9 28 17 26      10.0457
     476       1 14 20 22 30 19 3 27 6 13 23 15 5 18 4 29 16 31 25 2 12 10 33 8 32 34 11 24 7 21 9 28 17 26      10.0457
     477       1 14 20 22 30 19 3 27 6 13 23 15 5 18 4 29 16 31 25 2 12 10 33 8 32 34 11 24 7 21 9 28 17 26      10.0457
     478       1 14 20 22 30 19 3 27 6 13 23 15 5 18 4 29 16 31 25 2 12 10 33 8 32 34 11 24 7 21 9 28 17 26      10.0457
     479       1 14 20 22 30 19 3 27 6 13 23 15 5 18 4 29 16 31 25 2 12 10 33 8 32 34 11 24 7 21 9 28 17 26      10.0457
     480       1 14 20 22 30 19 3 27 6 13 23 15 5 18 4 29 16 31 25 2 12 10 33 8 32 34 11 24 7 21 9 28 17 26      10.0457
     481       1 14 20 22 30 19 3 27 6 13 23 15 5 18 4 29 16 31 25 2 12 10 33 8 32 34 11 24 7 21 9 28 17 26      10.0457
     482       1 14 20 22 30 19 3 27 6 13 23 15 5 18 4 29 16 31 25 2 12 10 33 8 32 34 11 24 7 21 9 28 17 26      10.0457
     483       1 14 20 22 30 19 3 27 6 13 23 15 5 18 4 29 16 31 25 2 12 10 33 8 32 34 11 24 7 21 9 28 17 26      10.0457
     484       1 14 20 22 30 19 3 27 6 13 23 15 5 18 4 29 16 31 25 2 12 10 33 8 32 34 11 24 7 21 9 28 17 26      10.0457
     485       1 14 20 22 30 19 3 27 6 13 23 15 5 18 4 29 16 31 25 2 12 10 33 8 32 34 11 24 7 21 9 28 17 26      10.0457
     486       1 14 20 22 30 19 3 27 6 13 23 15 5 18 4 29 16 31 25 2 12 10 33 8 32 34 11 24 7 21 9 28 17 26      10.0457
     487       1 14 20 22 30 19 3 27 6 13 23 15 5 18 4 29 16 31 25 2 12 10 33 8 32 34 11 24 7 21 9 28 17 26      10.0457
     488       1 14 20 22 30 19 3 27 6 13 23 15 5 18 4 29 16 31 25 2 12 10 33 8 32 34 11 24 7 21 9 28 17 26      10.0457
     489       1 14 20 22 30 19 3 27 6 13 23 15 5 18 4 29 16 31 25 2 12 10 33 8 32 34 11 24 7 21 9 28 17 26      10.0457
     490       1 14 20 22 30 19 3 27 6 13 23 15 5 18 4 29 16 31 25 2 12 10 33 8 32 34 11 24 7 21 9 28 17 26      10.0457
     491       1 14 20 22 30 19 3 27 6 13 23 15 5 18 4 29 16 31 25 2 12 10 33 8 32 34 11 24 7 21 9 28 17 26      10.0457
     492       1 14 20 22 30 19 3 27 6 13 23 15 5 18 4 29 16 31 25 2 12 10 33 8 32 34 11 24 7 21 9 28 17 26      10.0457
     493       1 14 20 22 30 19 3 27 6 13 23 15 5 18 4 29 16 31 25 2 12 10 33 8 32 34 11 24 7 21 9 28 17 26      10.0457
     494       1 14 20 22 30 19 3 27 6 13 23 15 5 18 4 29 16 31 25 2 12 10 33 8 32 34 11 24 7 21 9 28 17 26      10.0457
     495       1 14 20 22 30 19 3 27 6 13 23 15 5 18 4 29 16 31 25 2 12 10 33 8 32 34 11 24 7 21 9 28 17 26      10.0457
     496       1 14 20 22 30 19 3 27 6 13 23 15 5 18 4 29 16 31 25 2 12 10 33 8 32 34 11 24 7 21 9 28 17 26      10.0457
     497       1 14 20 22 30 19 3 27 6 13 23 15 5 18 4 29 16 31 25 2 12 10 33 8 32 34 11 24 7 21 9 28 17 26      10.0457
     498       1 14 20 22 30 19 3 27 6 13 23 15 5 18 4 29 16 31 25 2 12 10 33 8 32 34 11 24 7 21 9 28 17 26      10.0457
     499       1 14 20 22 30 19 3 27 6 13 23 15 5 18 4 29 16 31 25 2 12 10 33 8 32 34 11 24 7 21 9 28 17 26      10.0457
