# Generation                                                Route                                                 L(1)
       0       1 3 33 32 25 7 22 9 28 10 12 4 17 15 29 18 6 19 14 26 16 23 11 5 24 8 21 27 31 30 13 20 34 2      32.9596
       1       1 3 33 32 25 7 22 9 28 10 12 4 17 15 2 29 18 6 19 14 26 16 23 11 5 24 8 21 27 31 30 13 20 34       32.725
       2       1 2 3 33 32 25 7 22 9 28 10 12 4 17 15 29 18 6 34 20 13 30 31 27 21 8 24 5 11 23 16 26 14 19      29.8483
       3       1 8 24 30 13 20 34 3 33 32 25 7 22 9 28 10 12 4 17 15 2 29 18 6 19 14 26 16 23 11 5 31 27 21      27.6464
       4       1 8 24 30 13 20 34 3 33 32 25 7 22 9 28 10 12 4 17 15 2 29 18 6 19 14 26 16 23 11 5 31 27 21      27.6464
       5       1 8 24 30 13 3 33 32 25 7 22 9 28 10 12 4 17 15 2 29 18 6 34 20 31 27 21 5 11 23 16 26 14 19      26.8426
       6       1 8 24 30 13 3 33 32 25 7 22 9 28 10 12 4 17 15 2 29 20 34 18 6 16 23 11 19 14 26 5 31 27 21      25.8667
       7       1 8 24 30 13 20 34 3 33 32 25 7 22 9 28 11 23 16 6 18 29 2 15 17 4 12 10 19 14 26 5 31 27 21      24.9919
       8       1 8 24 30 13 3 33 32 20 34 25 7 22 9 28 11 23 16 6 18 29 2 15 17 4 12 10 19 14 26 5 31 27 21       23.224
       9       1 8 24 30 13 3 33 32 20 34 25 7 22 9 28 11 27 16 6 18 29 2 15 17 4 12 10 19 14 26 5 31 23 21      22.2713
      10       1 8 24 30 13 3 33 32 20 34 25 7 22 9 28 11 27 16 6 18 29 2 15 17 4 12 10 19 14 26 5 31 23 21      22.2713
      11       1 8 24 30 13 3 33 32 20 34 25 7 22 26 14 19 10 12 4 17 15 2 29 18 6 16 27 11 28 9 5 31 23 21      21.1993
      12       1 8 24 30 13 3 33 32 20 34 25 7 22 26 14 19 10 12 9 28 11 27 16 6 18 29 2 15 17 4 5 31 23 21      20.0936
      13       1 8 24 30 13 3 33 32 20 34 9 7 22 26 14 19 10 12 25 28 11 27 16 6 18 29 2 15 17 4 5 31 23 21      18.8159
      14       1 8 24 4 17 15 2 29 30 13 3 33 32 20 34 25 7 22 26 14 19 10 12 9 28 11 27 16 6 18 5 31 23 21       18.733
      15       1 8 24 4 17 15 2 29 30 13 3 33 32 20 34 9 7 22 26 14 19 10 12 25 28 11 27 16 6 18 5 31 23 21      17.4553
      16       1 8 24 30 4 17 15 2 29 13 3 33 32 20 34 9 7 22 26 14 19 10 12 25 28 11 27 16 6 18 5 31 23 21      17.3663
      17       1 8 24 4 17 15 2 29 30 13 3 33 32 20 34 9 7 22 26 14 19 10 12 25 18 6 16 28 11 27 5 31 23 21      17.2706
      18       1 8 24 30 4 17 15 2 29 13 3 33 32 20 34 9 7 22 26 14 19 10 12 25 18 6 16 28 11 27 5 31 23 21      17.1815
      19       1 8 24 4 17 30 15 2 29 13 3 33 32 20 34 9 7 22 26 14 19 10 12 25 18 6 16 28 11 27 5 31 23 21      17.1734
      20       1 8 24 4 17 15 2 30 29 13 3 33 32 20 34 9 7 22 26 14 19 10 12 25 18 6 16 28 11 27 5 31 23 21      17.1672
      21       1 8 24 30 4 17 15 2 19 10 12 25 18 6 16 28 11 27 5 31 23 29 13 3 33 32 20 34 9 7 22 26 14 21       16.952
      22       1 24 4 17 30 15 2 29 13 3 33 32 20 34 9 7 22 26 14 19 10 12 25 18 6 16 28 11 27 5 31 23 21 8      16.7239
      23       1 24 4 17 30 15 2 29 13 3 33 32 20 34 9 7 22 26 14 19 10 12 25 18 6 16 28 11 27 5 31 23 21 8      16.7239
      24       1 24 4 17 30 15 2 8 19 10 12 25 18 6 16 28 11 27 5 31 23 29 13 3 33 32 20 34 9 7 22 26 14 21      16.5198
      25       1 24 4 17 30 15 2 8 19 10 12 25 18 6 16 28 11 27 5 31 23 29 13 3 33 32 20 34 9 7 22 26 14 21      16.5198
      26       1 24 4 17 30 15 2 8 19 10 12 25 18 6 16 28 11 27 5 31 23 29 13 7 9 34 20 32 33 3 22 26 14 21      16.5183
      27       1 24 4 17 30 15 2 8 19 10 12 25 18 6 16 28 11 27 5 31 23 29 13 3 7 9 34 20 32 33 22 26 14 21      16.5089
      28       1 24 4 17 30 15 2 8 19 10 12 25 18 3 7 9 34 20 32 33 22 26 13 6 16 28 11 27 5 31 23 29 14 21      16.3473
      29       1 24 4 17 30 15 2 8 19 10 12 25 18 6 16 28 11 27 5 31 23 29 3 7 9 34 20 32 33 22 26 13 14 21      16.2519
      30       1 24 4 17 30 15 2 8 19 10 12 25 18 6 16 28 11 27 5 31 23 29 3 7 9 34 20 32 33 22 26 13 14 21      16.2519
      31       1 24 4 17 30 15 2 8 19 10 12 25 18 6 16 3 7 9 34 20 32 33 22 26 13 28 11 27 5 31 23 29 14 21      16.2317
      32       1 24 4 17 30 15 2 8 19 10 12 27 5 31 23 29 11 25 18 6 16 28 3 7 9 34 20 32 33 22 26 13 14 21      15.6769
      33       1 24 4 17 30 15 2 8 19 10 12 27 5 31 25 18 6 16 28 11 23 29 3 7 9 34 20 32 33 22 26 13 14 21      15.2423
      34       1 24 4 17 30 15 2 8 19 10 12 27 5 31 25 18 6 16 3 7 9 34 20 32 33 22 26 13 28 11 23 29 14 21      15.2221
      35       1 24 4 17 30 15 2 8 19 10 12 27 5 31 25 18 6 16 3 7 9 34 20 32 33 22 26 13 28 11 23 29 14 21      15.2221
      36       1 24 4 17 30 15 2 8 19 10 12 25 18 6 16 3 7 9 34 20 32 33 22 26 13 28 27 5 31 11 23 29 14 21      15.0099
      37       1 8 19 10 12 27 5 31 25 18 6 16 3 7 9 34 20 32 33 22 26 13 28 11 23 29 24 4 17 30 15 2 14 21      14.4405
      38       1 24 4 17 30 15 2 8 19 10 12 27 5 31 25 18 6 16 3 13 26 22 7 9 34 20 32 33 28 11 23 29 14 21      14.0323
      39       1 24 4 17 30 15 2 8 19 10 12 27 5 31 25 18 6 16 3 13 26 22 7 9 34 20 32 33 28 11 23 29 14 21      14.0323
      40       1 24 4 17 30 15 2 8 19 10 12 27 5 31 25 18 6 16 3 13 26 22 7 9 34 20 32 33 28 11 23 29 14 21      14.0323
      41       1 24 4 17 30 15 2 8 19 10 12 13 26 22 33 32 20 34 27 5 31 25 18 6 16 3 7 9 28 11 23 29 14 21      13.3781
      42       1 24 4 17 30 15 2 8 19 10 12 13 26 22 33 32 20 34 27 5 31 25 18 6 16 3 7 9 28 11 23 29 14 21      13.3781
      43       1 24 4 17 30 15 2 8 19 10 12 13 26 22 33 32 20 34 27 5 31 25 18 6 16 3 7 9 28 11 29 23 14 21      13.1164
      44       1 24 4 17 30 15 2 8 19 10 12 13 26 22 33 32 20 34 27 5 31 25 18 6 16 3 7 9 28 11 29 23 14 21      13.1164
      45       1 24 4 17 30 15 2 8 19 10 12 13 26 22 33 32 20 34 27 5 31 25 18 6 16 3 7 9 28 11 29 23 14 21      13.1164
      46       1 24 4 17 30 15 2 8 19 10 12 13 26 22 33 32 20 34 27 5 31 25 18 6 16 3 7 9 28 11 29 23 14 21      13.1164
      47       1 24 4 17 30 15 2 8 19 10 12 13 26 22 33 32 20 34 27 5 31 25 18 6 16 3 7 9 28 11 29 23 14 21      13.1164
      48       1 24 4 17 30 15 2 8 19 10 12 13 26 22 33 32 20 34 27 5 31 25 18 6 16 3 7 9 28 11 29 23 14 21      13.1164
      49       1 24 4 17 30 15 2 8 19 10 12 13 26 22 33 32 20 34 27 5 31 25 18 6 16 3 7 9 28 11 29 23 14 21      13.1164
      50       1 24 4 17 30 15 2 8 19 10 12 13 26 22 3 32 20 34 27 5 31 25 18 6 16 33 7 9 28 11 29 23 14 21      12.8348
      51       1 24 4 17 30 15 2 8 19 10 12 13 26 22 3 32 20 34 27 5 31 25 18 6 16 33 7 9 28 11 29 23 14 21      12.8348
      52       1 24 4 17 30 15 2 8 19 10 12 13 26 22 3 32 20 34 27 5 31 25 18 6 16 33 7 9 28 11 29 23 14 21      12.8348
      53       1 24 4 17 30 15 2 8 19 10 12 13 26 22 3 32 20 34 27 5 31 25 18 6 16 33 7 9 28 11 29 23 14 21      12.8348
      54       1 24 4 17 30 15 2 8 19 10 12 13 26 22 3 32 20 34 27 5 31 25 18 6 16 33 7 9 28 11 29 23 14 21      12.8348
      55       1 24 4 17 30 15 2 8 19 10 12 13 26 22 3 32 20 34 27 5 31 25 18 6 16 33 7 9 28 11 29 23 14 21      12.8348
      56       1 24 4 17 30 15 2 8 19 10 12 13 26 22 3 32 20 34 28 5 31 25 18 6 16 33 7 9 27 11 29 23 14 21      12.8319
      57       1 24 4 17 30 15 2 8 19 10 12 13 26 22 3 32 20 34 28 5 31 27 25 18 6 16 33 7 9 11 29 23 14 21      12.6724
      58       1 24 4 17 30 15 2 8 19 10 12 13 26 22 3 32 20 34 28 27 5 31 25 18 6 16 33 7 9 11 29 23 14 21      12.6723
      59       1 24 4 17 30 15 2 8 19 10 12 13 26 22 3 32 20 34 28 27 5 31 25 18 6 16 33 7 9 11 29 23 14 21      12.6723
      60       1 24 4 17 30 15 2 8 19 10 12 13 26 22 3 32 20 34 28 27 5 31 25 18 6 16 33 7 9 11 29 23 14 21      12.6723
      61       1 24 4 17 30 15 2 8 19 10 12 13 26 22 3 32 20 34 28 27 5 31 25 18 6 16 33 7 9 11 29 23 14 21      12.6723
      62       1 24 4 17 30 23 29 11 9 7 33 16 6 18 25 31 5 27 28 34 20 32 3 22 26 13 12 10 19 8 2 15 14 21       11.925
      63       1 15 2 24 4 17 30 23 29 11 9 7 33 16 6 18 25 31 5 27 28 34 20 32 3 22 26 13 12 10 19 8 14 21       10.909
      64       1 15 2 24 4 17 30 23 29 11 9 7 33 16 6 18 25 31 5 27 28 34 20 32 3 22 26 13 12 10 19 8 14 21       10.909
      65       1 15 2 24 4 17 30 23 29 11 9 7 33 16 6 18 25 31 5 27 28 34 20 32 3 22 26 13 12 10 19 8 14 21       10.909
      66       1 15 2 24 4 17 30 23 29 11 7 9 33 16 6 18 25 31 5 27 28 34 20 32 3 22 26 13 12 10 19 8 14 21      10.7812
      67       1 15 2 24 4 17 30 23 29 11 7 9 33 16 6 18 25 31 5 27 28 34 20 32 3 22 26 13 12 10 19 8 14 21      10.7812
      68       1 15 2 24 4 17 30 23 29 11 7 9 33 16 6 18 25 31 5 27 28 34 20 32 3 22 26 13 12 10 19 8 14 21      10.7812
      69       1 15 2 24 4 17 30 23 29 11 7 9 33 16 6 18 25 31 5 27 28 34 20 32 3 22 26 13 12 10 19 8 14 21      10.7812
      70       1 15 2 24 4 17 30 23 29 11 7 9 33 16 6 18 25 31 5 27 28 34 20 32 3 22 26 13 12 10 19 8 14 21      10.7812
      71       1 15 2 24 4 17 30 23 29 11 7 9 33 16 6 18 25 31 5 27 28 34 20 32 3 22 26 13 12 10 19 8 14 21      10.7812
      72       1 15 2 24 4 17 30 23 29 11 7 9 33 16 6 18 25 31 5 27 28 34 20 32 3 22 26 13 12 10 19 8 14 21      10.7812
      73       1 15 2 24 4 17 30 23 29 11 7 9 33 16 6 18 25 31 5 27 28 34 20 32 3 22 26 13 12 10 19 8 14 21      10.7812
      74       1 15 2 24 4 17 30 23 29 11 7 9 33 16 6 18 25 31 5 27 28 34 20 32 3 22 26 13 12 10 19 8 14 21      10.7812
      75       1 15 2 24 4 17 30 23 29 11 7 9 33 16 6 18 25 31 5 27 28 34 20 32 3 22 26 13 12 10 19 8 14 21      10.7812
      76       1 15 2 24 4 17 30 23 29 11 7 9 33 16 6 18 25 31 5 27 28 34 20 32 3 22 26 13 12 10 19 8 21 14      10.7751
      77       1 15 2 24 4 17 30 23 29 11 7 9 33 16 6 18 25 31 5 27 28 34 20 32 3 22 26 13 12 10 19 8 21 14      10.7751
      78       1 15 2 24 4 17 30 23 29 11 7 9 33 16 6 18 25 31 5 27 28 34 20 32 3 22 26 13 12 10 19 8 21 14      10.7751
      79       1 15 2 24 4 17 30 23 29 11 7 9 33 16 6 18 25 31 5 27 28 34 20 32 3 22 26 13 12 10 19 8 21 14      10.7751
      80       1 15 2 24 4 17 30 23 29 11 7 9 33 16 6 18 25 31 5 27 28 34 20 32 3 22 26 13 12 10 19 8 21 14      10.7751
      81       1 15 2 24 4 17 30 23 29 11 7 9 33 16 6 18 25 31 5 27 28 34 20 32 3 22 26 13 12 10 19 8 21 14      10.7751
      82       1 15 2 24 4 17 30 23 29 11 7 9 33 16 6 18 25 31 5 27 28 34 20 32 3 22 26 13 12 10 19 8 21 14      10.7751
      83       1 15 2 24 4 17 30 23 29 11 7 9 33 16 6 18 25 31 5 27 28 34 20 32 3 22 26 13 12 10 19 8 21 14      10.7751
      84       1 15 2 24 4 17 30 23 29 11 7 9 33 16 6 18 25 31 5 27 28 34 20 32 3 22 26 13 12 10 19 8 21 14      10.7751
      85       1 15 2 24 4 17 30 23 29 11 7 9 33 16 6 18 25 31 5 27 28 34 20 32 3 22 26 13 12 10 19 8 21 14      10.7751
      86       1 15 2 24 4 17 30 23 29 11 32 9 33 16 6 18 25 31 5 27 28 34 20 7 3 22 26 13 12 10 19 8 21 14      10.4338
      87       1 15 2 24 4 17 30 23 29 11 32 9 33 16 6 18 25 31 5 27 28 34 20 7 3 22 26 13 12 10 19 8 21 14      10.4338
      88       1 15 2 24 29 17 23 30 4 11 32 9 33 16 6 18 25 31 5 27 28 34 20 7 3 22 26 13 12 10 19 8 21 14      9.81278
      89       1 15 2 24 4 17 30 23 29 11 32 9 33 16 6 18 25 31 5 27 28 34 20 7 3 22 26 13 12 10 19 14 21 8       9.6322
      90       1 15 2 24 29 17 23 30 4 11 32 9 33 16 6 18 25 31 5 27 28 34 20 7 3 22 26 13 12 10 19 14 21 8      9.01119
      91       1 15 2 24 29 17 23 30 4 11 32 9 33 16 6 18 25 31 5 27 28 34 20 7 3 22 26 13 12 10 19 14 21 8      9.01119
      92       1 15 2 24 29 17 23 30 4 11 32 9 33 16 6 18 25 31 5 27 28 34 20 7 3 22 26 13 12 10 19 14 21 8      9.01119
      93       1 15 2 24 29 17 23 30 4 11 32 9 33 16 6 18 25 31 5 27 28 34 20 7 3 22 26 13 12 10 19 14 21 8      9.01119
      94       1 15 2 24 29 17 23 30 4 11 32 9 33 16 6 18 25 27 5 31 28 34 20 7 3 22 26 13 12 10 19 14 21 8      9.01118
      95       1 15 2 24 29 17 23 30 4 11 32 9 33 16 6 18 25 27 5 31 28 34 20 7 3 22 26 13 12 10 19 14 21 8      9.01118
      96       1 15 2 24 29 17 23 30 4 11 32 9 33 16 6 18 25 27 5 31 28 34 20 7 3 22 26 13 12 10 19 14 21 8      9.01118
      97       1 15 2 24 29 17 23 30 4 11 31 5 27 25 18 6 16 33 9 32 28 34 20 7 3 22 26 13 12 10 19 14 21 8      8.80921
      98       1 15 2 24 29 17 23 30 4 11 31 5 27 25 18 6 16 32 9 33 28 34 20 7 3 22 26 13 12 10 19 14 21 8      8.79888
      99       1 15 2 24 29 17 23 30 4 11 31 5 27 25 18 6 16 32 9 33 28 34 20 7 3 22 26 13 12 10 19 14 21 8      8.79888
     100       1 15 2 24 29 17 23 30 4 11 31 5 27 25 18 6 16 32 33 9 28 34 20 7 3 22 26 13 12 10 19 14 21 8      8.77795
     101       1 15 2 24 29 17 23 30 4 11 31 5 27 25 18 6 16 32 33 9 28 34 20 7 3 22 26 13 12 10 19 14 21 8      8.77795
     102       1 15 2 24 29 17 23 30 4 11 31 5 27 25 18 33 28 34 20 6 16 32 9 7 3 22 26 13 12 10 19 14 21 8      8.46317
     103       1 15 2 24 29 17 23 30 4 11 31 5 27 25 18 33 28 34 20 6 16 32 9 7 3 22 26 13 12 10 19 14 21 8      8.46317
     104       1 15 2 24 29 17 23 30 4 11 31 5 27 25 18 6 16 33 28 34 20 32 9 7 3 22 26 13 12 10 19 14 21 8      8.32325
     105       1 15 2 24 29 17 23 30 4 11 31 5 27 25 18 33 28 6 16 34 20 32 9 7 3 22 26 13 12 10 19 14 21 8      8.32243
     106       1 15 2 24 29 17 23 30 4 11 31 5 27 25 18 33 28 6 16 34 20 32 9 7 3 22 26 13 12 10 19 14 21 8      8.32243
     107       1 15 2 24 29 17 23 30 4 11 31 5 27 25 18 33 28 6 16 34 20 32 9 7 3 22 26 13 12 10 19 14 21 8      8.32243
     108       1 15 2 24 29 17 23 30 4 11 31 5 27 25 18 33 28 6 16 34 20 32 9 7 3 22 26 13 12 10 19 14 21 8      8.32243
     109       1 15 2 24 29 17 23 30 4 11 31 5 27 25 18 33 28 6 16 34 20 32 9 7 3 22 26 13 12 10 19 14 21 8      8.32243
     110       1 15 2 24 29 17 23 30 4 11 31 5 27 25 18 33 28 6 16 34 20 32 9 7 3 22 26 13 12 10 19 14 21 8      8.32243
     111       1 15 2 24 29 17 23 30 4 11 31 5 27 25 18 33 28 6 16 34 20 32 9 7 3 22 26 13 12 10 19 14 21 8      8.32243
     112       1 15 2 24 29 17 23 30 4 11 31 5 27 25 18 33 28 6 16 34 20 32 9 7 3 22 26 13 12 10 19 14 21 8      8.32243
     113       1 15 2 24 29 17 23 30 4 11 31 5 27 25 18 33 28 6 16 34 20 32 9 7 3 22 26 13 12 10 19 14 21 8      8.32243
     114       1 15 2 24 29 17 23 30 4 11 31 5 27 25 18 33 28 6 16 34 20 32 9 7 3 22 26 13 12 10 19 14 21 8      8.32243
     115       1 15 2 24 23 17 29 30 4 11 31 5 27 25 18 33 28 6 16 34 20 32 9 7 3 22 26 13 12 10 19 14 21 8       8.2477
     116       1 15 2 24 23 17 29 30 4 11 31 5 27 25 18 33 28 6 16 34 20 32 9 7 3 22 26 13 12 10 19 14 21 8       8.2477
     117       1 15 2 24 23 17 29 30 4 11 31 5 27 25 18 33 28 6 16 34 20 32 9 7 3 22 26 13 12 10 19 14 21 8       8.2477
     118       1 15 2 24 23 17 29 30 4 11 31 5 27 25 18 32 28 6 16 34 20 33 9 7 3 22 26 13 12 10 19 14 21 8      7.86389
     119       1 15 2 24 23 17 29 30 4 11 31 5 27 25 18 32 28 6 16 34 20 33 9 7 3 22 26 13 12 10 19 14 21 8      7.86389
     120       1 15 2 24 23 17 29 30 4 11 31 5 27 25 18 32 28 6 16 34 20 33 9 7 3 22 26 13 12 10 19 14 21 8      7.86389
     121       1 15 2 24 23 30 29 17 4 11 31 5 27 25 18 32 28 6 16 34 20 33 9 7 3 22 26 13 12 10 19 14 21 8      7.36923
     122       1 15 2 24 23 30 29 17 4 11 31 5 27 25 18 32 28 6 16 34 20 33 9 7 3 22 26 13 12 10 19 14 21 8      7.36923
     123       1 15 2 24 23 30 29 17 4 11 31 5 27 25 18 32 28 6 16 34 20 33 9 7 3 22 26 13 12 10 19 14 21 8      7.36923
     124       1 15 2 24 23 30 29 17 4 11 31 5 27 25 18 32 28 6 16 34 20 33 9 7 3 22 26 13 12 10 19 14 21 8      7.36923
     125       1 15 2 24 23 30 29 17 4 11 31 5 27 25 18 32 28 6 16 34 20 33 9 7 3 22 26 13 12 10 19 14 21 8      7.36923
     126       1 15 2 24 23 30 29 17 4 11 31 5 27 25 18 32 28 6 16 34 20 33 9 7 3 22 26 13 12 10 19 14 21 8      7.36923
     127       1 15 2 24 23 30 29 17 4 11 31 5 27 25 18 32 28 6 16 34 20 33 9 7 3 22 26 13 12 10 19 14 21 8      7.36923
     128       1 15 2 24 23 30 29 17 4 11 31 5 27 25 18 32 28 6 16 34 20 33 9 7 3 22 26 13 12 10 19 14 21 8      7.36923
     129       1 15 2 24 23 30 29 17 4 11 31 5 27 25 18 32 28 6 16 34 20 33 9 7 3 22 26 13 12 10 19 14 21 8      7.36923
     130       1 15 2 24 23 30 29 17 4 11 31 5 27 25 18 32 28 6 16 34 20 33 9 7 3 22 26 13 12 10 19 14 21 8      7.36923
     131       1 15 2 24 23 30 29 17 4 11 31 5 27 25 18 32 28 6 16 34 20 33 9 7 3 22 26 13 12 10 19 14 21 8      7.36923
     132       1 15 2 24 23 30 29 17 4 11 31 5 27 25 18 32 28 6 16 34 20 33 9 7 3 22 26 13 12 10 19 14 21 8      7.36923
     133       1 15 2 24 23 30 29 17 4 11 31 5 27 25 18 32 28 6 16 34 20 33 9 7 3 22 26 13 12 10 19 14 21 8      7.36923
     134       1 15 2 24 23 30 29 17 4 11 31 5 27 25 18 32 28 6 16 34 20 33 9 7 3 22 26 13 12 10 19 14 21 8      7.36923
     135       1 15 2 24 23 30 29 17 4 11 31 5 27 25 18 32 28 6 16 34 20 33 9 7 3 22 26 13 12 10 19 14 21 8      7.36923
     136       1 15 2 24 23 30 29 17 4 11 31 5 27 25 18 32 28 6 16 34 20 33 9 7 3 22 26 13 12 10 19 14 21 8      7.36923
     137       1 15 2 24 23 30 29 17 4 11 31 5 27 25 18 32 28 6 16 34 20 33 9 7 3 22 26 13 12 10 19 14 21 8      7.36923
     138       1 15 2 24 23 30 29 17 4 11 31 5 27 25 18 32 28 6 16 34 20 33 9 7 3 22 26 13 12 10 19 14 21 8      7.36923
     139       1 15 2 24 23 30 29 17 4 11 31 5 27 25 18 32 28 6 16 34 20 33 9 7 3 22 26 13 12 10 19 14 21 8      7.36923
     140       1 15 2 24 23 30 29 17 4 11 31 5 27 25 18 32 28 6 16 34 20 33 9 7 3 22 26 13 12 10 19 14 21 8      7.36923
     141       1 15 2 24 23 30 29 17 4 11 31 5 27 25 18 32 28 6 16 34 20 33 9 7 3 22 26 13 12 10 19 14 21 8      7.36923
     142       1 15 2 24 23 30 29 17 4 11 31 5 27 25 18 32 28 6 16 34 20 33 9 7 3 22 26 13 12 10 19 14 21 8      7.36923
     143       1 15 2 24 23 30 29 17 4 11 31 5 27 25 18 32 28 6 16 34 20 33 9 7 3 22 26 13 12 10 19 14 21 8      7.36923
     144       1 15 2 24 23 30 29 17 4 11 31 5 27 25 18 32 28 6 16 34 20 33 9 7 3 22 26 13 12 10 19 14 21 8      7.36923
     145       1 15 2 24 23 30 29 17 4 11 31 5 27 25 18 32 28 6 16 34 20 33 9 7 3 22 26 13 12 10 19 14 21 8      7.36923
     146       1 15 2 24 23 30 29 17 4 11 31 5 27 25 18 6 16 32 28 34 20 33 9 7 3 22 26 13 12 10 19 14 21 8      7.36786
     147       1 15 2 24 23 30 29 17 4 11 31 5 27 25 18 6 16 32 28 34 20 33 9 7 3 22 26 13 12 10 19 14 21 8      7.36786
     148       1 15 2 24 23 30 29 17 4 11 31 5 27 25 18 6 16 32 28 34 20 33 9 7 3 22 26 13 12 10 19 14 21 8      7.36786
     149       1 15 2 24 23 30 29 17 4 11 31 5 27 25 18 6 16 32 28 34 20 33 9 7 3 22 26 13 12 10 19 14 21 8      7.36786
     150       1 15 2 24 23 30 29 17 4 11 31 5 27 25 18 6 16 32 28 34 20 33 9 7 3 22 26 13 12 10 19 14 21 8      7.36786
     151       1 15 2 24 23 30 29 17 4 11 31 5 27 25 28 18 6 16 32 34 20 33 9 7 3 22 26 13 12 10 19 14 21 8      6.29889
     152       1 15 2 24 23 30 29 17 4 11 31 5 27 25 28 18 6 16 32 34 20 33 9 7 3 22 26 13 12 10 19 14 21 8      6.29889
     153       1 15 2 24 23 30 29 17 4 11 31 5 27 25 28 18 6 16 32 34 20 33 9 7 3 22 26 13 12 10 19 14 21 8      6.29889
     154       1 15 2 24 23 30 29 17 4 11 31 5 27 25 28 18 6 16 32 34 20 33 9 7 3 22 26 13 12 10 19 14 21 8      6.29889
     155       1 15 2 24 23 30 29 17 4 11 31 5 27 25 28 18 6 16 32 34 20 33 9 7 3 22 26 13 12 10 19 14 21 8      6.29889
     156       1 15 2 24 23 30 29 17 4 11 31 5 27 25 28 18 6 16 32 34 20 33 9 7 3 22 26 13 12 10 19 14 21 8      6.29889
     157       1 15 2 24 23 30 29 17 4 11 31 5 27 25 28 18 6 16 32 34 20 33 9 7 3 22 26 13 12 10 19 14 21 8      6.29889
     158       1 15 2 24 23 30 29 17 4 11 31 5 27 25 28 18 6 16 32 34 20 33 9 7 3 22 26 13 12 10 19 14 21 8      6.29889
     159       1 15 2 24 23 30 29 17 4 11 31 5 27 25 28 18 6 16 32 34 20 33 9 7 3 22 26 13 12 10 19 14 21 8      6.29889
     160       1 15 2 24 23 30 29 17 4 11 31 5 27 25 28 18 6 16 32 34 20 33 9 7 3 22 26 13 12 10 19 14 21 8      6.29889
     161       1 15 2 24 23 30 29 17 4 11 31 5 27 25 28 18 6 16 32 34 20 33 9 7 3 22 26 13 12 10 19 14 21 8      6.29889
     162       1 15 2 24 23 30 29 17 4 11 31 5 27 25 28 18 6 16 32 34 20 33 9 7 3 22 26 13 12 10 19 14 21 8      6.29889
     163       1 15 2 24 23 30 29 17 4 11 31 5 27 25 28 18 6 16 32 34 20 33 9 7 3 22 26 13 12 10 19 14 21 8      6.29889
     164       1 15 2 24 23 30 29 17 4 11 31 5 27 25 28 18 6 16 32 34 20 33 9 7 3 22 26 13 12 10 19 14 21 8      6.29889
     165       1 15 2 24 23 30 29 17 4 11 31 5 27 25 28 18 6 16 32 34 20 33 9 7 3 22 26 13 12 10 19 14 21 8      6.29889
     166       1 15 2 24 23 30 29 17 4 11 31 5 27 25 28 18 6 16 32 34 20 33 9 7 3 22 26 13 12 10 19 14 21 8      6.29889
     167       1 15 2 24 23 30 29 17 4 11 31 5 27 25 28 18 6 16 32 34 20 33 9 7 3 22 26 13 12 10 19 14 21 8      6.29889
     168       1 15 2 24 23 30 29 17 4 11 31 5 27 25 28 18 6 16 32 34 20 33 9 7 3 22 26 13 12 10 19 14 21 8      6.29889
     169       1 15 2 24 23 30 29 17 4 11 31 5 27 25 28 18 6 16 32 34 20 33 9 7 3 22 26 13 12 10 19 14 21 8      6.29889
     170       1 15 2 24 23 30 29 17 4 11 31 5 27 25 28 18 6 16 32 34 20 33 9 7 3 22 26 13 12 10 19 14 21 8      6.29889
     171       1 15 2 24 23 30 29 17 4 11 31 5 27 25 28 18 6 16 32 34 20 33 9 7 3 22 26 13 12 10 19 14 21 8      6.29889
     172       1 15 2 24 23 30 29 17 4 11 31 5 27 25 28 18 6 16 32 34 20 33 9 7 3 22 26 13 12 10 19 14 21 8      6.29889
     173       1 15 2 24 23 30 29 17 4 11 31 5 27 25 28 18 6 16 32 34 20 33 9 7 3 22 26 13 12 10 19 14 21 8      6.29889
     174       1 15 2 24 23 30 29 17 4 11 31 5 27 25 28 18 6 16 32 34 20 33 9 7 3 22 26 13 12 10 19 14 21 8      6.29889
     175       1 15 2 24 23 30 29 17 4 11 31 5 27 25 28 18 6 16 32 34 20 33 9 7 3 22 26 13 12 10 19 14 21 8      6.29889
     176       1 15 2 24 23 30 29 17 4 11 31 5 27 25 28 18 6 16 32 34 20 33 9 7 3 22 26 13 12 10 19 14 21 8      6.29889
     177       1 15 2 24 23 30 29 17 4 11 31 5 27 25 28 18 6 16 32 34 20 33 9 7 3 22 26 13 12 10 19 14 21 8      6.29889
     178       1 15 2 24 23 30 29 17 4 11 31 5 27 25 28 18 6 16 32 34 20 33 9 7 3 22 26 13 12 10 19 14 21 8      6.29889
     179       1 15 2 24 23 30 29 17 4 11 31 5 27 25 28 18 6 16 32 34 20 33 9 7 3 22 26 13 12 10 19 14 21 8      6.29889
     180       1 15 2 24 23 30 29 17 4 11 31 5 27 25 28 18 6 16 32 34 20 33 9 7 3 22 26 13 12 10 19 14 21 8      6.29889
     181       1 15 2 24 23 30 29 17 4 11 31 5 27 25 28 18 6 16 32 34 20 33 9 7 3 22 26 13 12 10 19 14 21 8      6.29889
     182       1 15 2 24 23 30 29 17 4 11 31 5 27 25 28 18 6 16 32 34 20 33 9 7 3 22 26 13 12 10 19 14 21 8      6.29889
     183       1 15 2 24 23 30 29 17 4 11 31 5 27 25 28 18 6 16 32 34 20 33 9 7 3 22 26 13 12 10 19 14 21 8      6.29889
     184       1 15 2 24 23 30 29 17 4 11 31 5 27 25 28 18 6 16 32 34 20 33 9 7 3 22 26 13 12 10 19 14 21 8      6.29889
     185       1 15 2 24 23 30 29 17 4 11 31 5 27 25 28 18 6 16 32 34 20 33 9 7 3 22 26 13 12 10 19 14 21 8      6.29889
     186       1 15 2 24 23 30 29 17 4 11 31 5 27 25 28 18 6 16 32 34 20 33 9 7 3 22 26 13 12 10 19 14 21 8      6.29889
     187       1 15 2 24 23 30 29 17 4 11 31 5 27 25 28 18 6 16 32 34 20 33 9 7 3 22 26 13 12 10 19 14 21 8      6.29889
     188       1 15 2 24 23 30 29 17 4 11 31 5 27 25 28 18 6 16 32 34 20 33 9 7 3 22 26 13 12 10 19 14 21 8      6.29889
     189       1 15 2 24 23 30 29 17 4 11 31 5 27 25 28 18 6 16 32 34 20 33 9 7 3 22 26 13 12 10 19 14 21 8      6.29889
     190       1 15 2 24 23 30 29 17 4 11 31 5 27 25 28 18 6 16 32 34 20 33 9 7 3 22 26 13 12 10 19 14 21 8      6.29889
     191       1 15 2 24 23 30 29 17 4 11 31 5 27 25 28 18 6 16 32 34 20 33 9 7 3 22 26 13 12 10 19 14 21 8      6.29889
     192       1 15 2 24 23 30 29 17 4 11 31 5 27 25 28 18 6 16 32 34 20 33 9 7 3 22 26 13 12 10 19 14 21 8      6.29889
     193       1 15 2 24 23 30 29 17 4 11 31 5 27 25 28 18 6 16 32 34 20 33 9 7 3 22 26 13 12 10 19 14 21 8      6.29889
     194       1 15 2 24 23 30 29 17 4 11 31 5 27 25 28 18 6 16 32 34 20 33 9 7 3 22 26 13 12 10 19 14 21 8      6.29889
     195       1 15 2 24 23 30 29 17 4 11 31 5 27 25 28 18 6 16 20 34 32 33 9 7 3 22 26 13 12 10 19 14 21 8      6.27711
     196       1 15 2 24 23 30 29 17 4 11 31 5 27 25 28 18 6 16 20 34 32 33 9 7 3 22 26 13 12 10 19 14 21 8      6.27711
     197       1 15 2 24 23 30 29 17 4 11 31 5 27 25 28 18 6 16 20 34 32 33 9 7 3 22 26 13 12 10 19 14 21 8      6.27711
     198       1 15 2 24 23 30 29 17 4 11 31 5 27 25 28 18 6 16 20 34 32 33 9 7 3 22 26 13 12 10 19 14 21 8      6.27711
     199       1 15 2 24 23 30 29 17 4 11 31 5 27 25 28 18 6 16 20 34 32 33 9 7 3 22 26 13 12 10 19 14 21 8      6.27711
     200       1 15 2 24 23 30 29 17 4 11 31 5 27 25 28 18 6 16 20 34 32 33 9 7 3 22 26 13 12 10 19 14 21 8      6.27711
     201       1 15 2 24 23 30 29 17 4 11 31 5 27 25 28 18 6 16 20 34 32 33 9 7 3 22 26 13 12 10 19 14 21 8      6.27711
     202       1 15 2 24 23 30 29 17 4 11 31 5 27 25 28 18 6 16 20 34 32 33 9 7 3 22 26 13 12 10 19 14 21 8      6.27711
     203       1 15 2 24 23 30 29 17 4 11 31 5 27 25 28 18 6 16 20 34 32 33 9 7 3 22 26 13 12 10 19 14 21 8      6.27711
     204       1 15 2 24 23 30 29 17 4 11 31 5 27 25 28 18 6 16 20 34 32 33 9 7 3 22 26 13 12 10 19 14 21 8      6.27711
     205       1 15 2 24 23 30 29 17 4 11 31 5 27 25 28 18 6 16 20 34 32 33 9 7 3 22 26 13 12 10 19 14 21 8      6.27711
     206       1 15 2 24 23 30 29 17 4 11 31 5 27 25 28 18 6 16 20 34 32 33 9 7 3 22 26 13 12 10 19 14 21 8      6.27711
     207       1 15 2 24 23 30 29 17 4 11 31 5 27 25 28 18 6 16 20 34 32 33 9 7 3 22 26 13 12 10 19 14 21 8      6.27711
     208       1 15 2 24 23 30 29 17 4 11 31 5 27 25 28 18 6 16 20 34 32 33 9 7 3 22 26 13 12 10 19 14 21 8      6.27711
     209       1 15 2 24 23 30 29 17 4 11 31 5 27 25 28 18 6 16 20 34 32 33 9 7 3 22 26 13 12 10 19 14 21 8      6.27711
     210       1 15 2 24 23 30 29 17 4 11 31 5 27 25 28 18 6 16 20 34 32 33 9 7 3 22 26 13 12 10 19 14 21 8      6.27711
     211       1 15 2 24 23 30 29 17 4 11 31 5 27 25 28 18 6 16 20 34 32 33 9 7 3 22 26 13 12 10 19 14 21 8      6.27711
     212       1 15 2 24 23 30 29 17 4 11 31 5 27 25 28 18 6 16 20 34 32 33 9 7 3 22 26 13 12 10 19 14 21 8      6.27711
     213       1 15 2 24 23 30 29 17 4 11 31 5 27 25 28 18 6 16 20 34 32 33 9 7 3 22 26 13 12 10 19 14 21 8      6.27711
     214       1 15 2 24 23 30 29 17 4 11 31 5 27 25 28 18 6 16 20 34 32 33 9 7 3 22 26 13 12 10 19 14 21 8      6.27711
     215       1 15 2 24 23 30 29 17 4 11 31 5 27 25 28 18 6 16 20 34 32 33 9 7 3 22 26 13 12 10 19 14 21 8      6.27711
     216       1 15 2 24 23 30 29 17 4 11 31 5 27 25 28 18 6 16 20 34 32 33 9 7 3 22 26 13 12 10 19 14 21 8      6.27711
     217       1 15 2 24 23 30 29 17 4 11 31 5 27 25 28 18 6 16 20 34 32 33 9 7 3 22 26 13 12 10 19 14 21 8      6.27711
     218       1 15 2 24 23 30 29 17 4 11 31 5 27 25 28 18 6 16 20 34 32 33 9 7 3 22 26 13 12 10 19 14 21 8      6.27711
     219       1 15 2 24 23 30 29 17 4 11 31 5 27 25 28 18 6 16 20 34 32 33 9 7 3 22 26 13 12 10 19 14 21 8      6.27711
     220       1 15 2 24 23 30 29 17 4 11 31 5 27 25 28 18 6 16 20 34 32 33 9 7 3 22 26 13 12 10 19 14 21 8      6.27711
     221       1 15 2 24 23 30 29 17 4 11 31 5 27 25 28 18 6 16 20 34 32 33 9 7 3 22 26 13 12 10 19 14 21 8      6.27711
     222       1 15 2 24 23 30 29 17 4 11 31 5 27 25 28 18 6 16 20 34 32 33 9 7 3 22 26 13 12 10 19 14 21 8      6.27711
     223       1 15 2 24 23 30 29 17 4 11 31 5 27 25 28 18 6 16 20 34 32 33 9 7 3 22 26 13 12 10 19 14 21 8      6.27711
     224       1 15 2 24 23 30 29 17 4 11 31 5 27 25 28 18 6 16 20 34 32 33 9 7 3 22 26 13 12 10 19 14 21 8      6.27711
     225       1 15 2 24 23 30 29 17 4 11 31 5 27 25 28 18 6 16 20 34 32 33 9 7 3 22 26 13 12 10 19 14 21 8      6.27711
     226       1 15 2 24 23 30 29 17 4 11 31 5 27 25 28 18 6 16 20 34 32 33 9 7 3 22 26 13 12 10 19 14 21 8      6.27711
     227       1 15 2 24 23 30 29 17 4 11 31 5 27 25 28 18 6 16 20 34 32 33 9 7 3 22 26 13 12 10 19 14 21 8      6.27711
     228       1 15 2 24 23 30 29 17 4 11 31 5 27 25 28 18 6 16 20 34 32 33 9 7 3 22 26 13 12 10 19 14 21 8      6.27711
     229       1 15 2 24 23 30 29 17 4 11 31 5 27 25 28 18 6 16 20 34 32 33 9 7 3 22 26 13 12 10 19 14 21 8      6.27711
     230       1 15 2 24 23 30 29 17 4 11 31 5 27 25 28 18 6 16 20 34 32 33 9 7 3 22 26 13 12 10 19 14 21 8      6.27711
     231       1 15 2 24 23 30 29 17 4 11 31 5 27 25 28 18 6 16 20 34 32 33 9 7 3 22 26 13 12 10 19 14 21 8      6.27711
     232       1 15 2 24 23 30 29 17 4 11 31 5 27 25 28 18 6 16 20 34 32 33 9 7 3 22 26 13 12 10 19 14 21 8      6.27711
     233       1 15 2 24 23 30 29 17 4 11 31 5 27 25 28 18 6 16 20 34 32 33 9 7 3 22 26 13 12 10 19 14 21 8      6.27711
     234       1 15 2 24 23 30 29 17 4 11 31 5 27 25 28 18 6 16 20 34 32 33 9 7 3 22 26 13 12 10 19 14 21 8      6.27711
     235       1 15 2 24 23 30 29 17 4 11 31 5 27 25 28 18 6 16 20 34 32 33 9 7 3 22 26 13 12 10 19 14 21 8      6.27711
     236       1 15 2 24 23 30 29 17 4 11 31 5 27 25 28 18 6 16 20 34 32 33 9 7 3 22 26 13 12 10 19 14 21 8      6.27711
     237       1 15 2 24 23 30 29 17 4 11 31 5 27 25 28 18 6 16 20 34 32 33 9 7 3 22 26 13 12 10 19 14 21 8      6.27711
     238       1 15 2 24 23 30 29 17 4 11 31 5 27 25 28 18 6 16 20 34 32 33 9 7 3 22 26 13 12 10 19 14 21 8      6.27711
     239       1 15 2 24 23 30 29 17 4 11 31 5 27 25 28 18 6 16 20 34 32 33 9 7 3 22 26 13 12 10 19 14 21 8      6.27711
     240       1 15 2 24 23 30 29 17 4 11 31 5 27 25 28 18 6 16 20 34 32 33 9 7 3 22 26 13 12 10 19 14 21 8      6.27711
     241       1 15 2 24 23 30 29 17 4 11 31 5 27 25 28 18 6 16 20 34 32 33 9 7 3 22 26 13 12 10 19 14 21 8      6.27711
     242       1 15 2 24 23 30 29 17 4 11 31 5 27 25 28 18 6 16 20 34 32 33 9 7 3 22 26 13 12 10 19 14 21 8      6.27711
     243       1 15 2 24 23 30 29 17 4 11 31 5 27 25 28 18 6 16 20 34 32 33 9 7 3 22 26 13 12 10 19 14 21 8      6.27711
     244       1 15 2 24 23 30 29 17 4 11 31 5 27 25 28 18 6 16 20 34 32 33 9 7 3 22 26 13 12 10 19 14 21 8      6.27711
     245       1 15 2 24 23 30 29 17 4 11 31 5 27 25 28 18 6 16 20 34 32 33 9 7 3 22 26 13 12 10 19 14 21 8      6.27711
     246       1 15 2 24 23 30 29 17 4 11 31 5 27 25 28 18 6 16 20 34 32 33 9 7 3 22 26 13 12 10 19 14 21 8      6.27711
     247       1 15 2 24 23 30 29 17 4 11 31 5 27 25 28 18 6 16 20 34 32 33 9 7 3 22 26 13 12 10 19 14 21 8      6.27711
     248       1 15 2 24 23 30 29 17 4 11 31 5 27 25 28 18 6 16 20 34 32 33 9 7 3 22 26 13 12 10 19 14 21 8      6.27711
     249       1 15 2 24 23 30 29 17 4 11 31 5 27 25 28 18 6 16 20 34 32 33 9 7 3 22 26 13 12 10 19 14 21 8      6.27711
     250       1 15 2 24 23 30 29 17 4 11 31 5 27 25 28 18 6 16 20 34 32 33 9 7 3 22 26 13 12 10 19 14 21 8      6.27711
     251       1 15 2 24 23 30 29 17 4 11 31 5 27 25 28 18 6 16 20 34 32 33 9 7 3 22 26 13 12 10 19 14 21 8      6.27711
     252       1 15 2 24 23 30 29 17 4 11 31 5 27 25 28 18 6 16 20 34 32 33 9 7 3 22 26 13 12 10 19 14 21 8      6.27711
     253       1 15 2 24 23 30 29 17 4 11 31 5 27 25 28 18 6 16 20 34 32 33 9 7 3 22 26 13 12 10 19 14 21 8      6.27711
     254       1 15 2 24 23 30 29 17 4 11 31 5 27 25 28 18 6 16 20 34 32 33 9 7 3 22 26 13 12 10 19 14 21 8      6.27711
     255       1 15 2 24 23 30 29 17 4 11 31 5 27 25 28 18 6 16 20 34 32 33 9 7 3 22 26 13 12 10 19 14 21 8      6.27711
     256       1 15 2 24 23 30 29 17 4 11 31 5 27 25 28 18 6 16 20 34 32 33 9 7 3 22 26 13 12 10 19 14 21 8      6.27711
     257       1 15 2 24 23 30 29 17 4 11 31 5 27 25 28 18 6 16 20 34 32 33 9 7 3 22 26 13 12 10 19 14 21 8      6.27711
     258       1 15 2 24 23 30 29 17 4 11 31 5 27 25 28 18 6 16 20 34 32 33 9 7 3 22 26 13 12 10 19 14 21 8      6.27711
     259       1 15 2 24 23 30 29 17 4 11 31 5 27 25 28 18 6 16 20 34 32 33 9 7 3 22 26 13 12 10 19 14 21 8      6.27711
     260       1 15 2 24 23 30 29 17 4 11 31 5 27 25 28 18 6 16 20 34 32 33 9 7 3 22 26 13 12 10 19 14 21 8      6.27711
     261       1 15 2 24 23 30 29 17 4 11 31 5 27 25 28 18 6 16 20 34 32 33 9 7 3 22 26 13 12 10 19 14 21 8      6.27711
     262       1 15 2 24 23 30 29 17 4 11 31 5 27 25 28 18 6 16 20 34 32 33 9 7 3 22 26 13 12 10 19 14 21 8      6.27711
     263       1 15 2 24 23 30 29 17 4 11 31 5 27 25 28 18 6 16 20 34 32 33 9 7 3 22 26 13 12 10 19 14 21 8      6.27711
     264       1 15 2 24 23 30 29 17 4 11 31 5 27 25 28 18 6 16 20 34 32 33 9 7 3 22 26 13 12 10 19 14 21 8      6.27711
     265       1 15 2 24 23 30 29 17 4 11 31 5 27 25 28 18 6 16 20 34 32 33 9 7 3 22 26 13 12 10 19 14 21 8      6.27711
     266       1 15 2 24 23 30 29 17 4 11 31 5 27 25 28 18 6 16 20 34 32 33 9 7 3 22 26 13 12 10 19 14 21 8      6.27711
     267       1 15 2 24 23 30 29 17 4 11 31 5 27 25 28 18 6 16 20 34 32 33 9 7 3 22 26 13 12 10 19 14 21 8      6.27711
     268       1 15 2 24 23 30 29 17 4 11 31 5 27 25 28 18 6 16 20 34 32 33 9 7 3 22 26 13 12 10 19 14 21 8      6.27711
     269       1 15 2 24 23 30 29 17 4 11 31 5 27 25 28 18 6 16 20 34 32 33 9 7 3 22 26 13 12 10 19 14 21 8      6.27711
     270       1 15 2 24 23 30 29 17 4 11 31 5 27 25 28 18 6 16 20 34 32 33 9 7 3 22 26 13 12 10 19 14 21 8      6.27711
     271       1 15 2 24 23 30 29 17 4 11 31 5 27 25 28 18 6 16 20 34 32 33 9 7 3 22 26 13 12 10 19 14 21 8      6.27711
     272       1 15 2 24 23 30 29 17 4 11 31 5 27 25 28 18 6 16 20 34 32 33 9 7 3 22 26 13 12 10 19 14 21 8      6.27711
     273       1 15 2 24 23 30 29 17 4 11 31 5 27 25 28 18 6 16 20 34 32 33 9 7 3 22 26 13 12 10 19 14 21 8      6.27711
     274       1 15 2 24 23 30 29 17 4 11 31 5 27 25 28 18 6 16 20 34 32 33 9 7 3 22 26 13 12 10 19 14 21 8      6.27711
     275       1 15 2 24 23 30 29 17 4 11 31 5 27 25 28 18 6 16 20 34 32 33 9 7 3 22 26 13 12 10 19 14 21 8      6.27711
     276       1 15 2 24 23 30 29 17 4 11 31 5 27 25 28 18 6 16 20 34 32 33 9 7 3 22 26 13 12 10 19 14 21 8      6.27711
     277       1 15 2 24 23 30 29 17 4 11 31 5 27 25 28 18 6 16 20 34 32 33 9 7 3 22 26 13 12 10 19 14 21 8      6.27711
     278       1 15 2 24 23 30 29 17 4 11 31 5 27 25 28 18 6 16 20 34 32 33 9 7 3 22 26 13 12 10 19 14 21 8      6.27711
     279       1 15 2 24 23 30 29 17 4 11 31 5 27 25 28 18 6 16 20 34 32 33 9 7 3 22 26 13 12 10 19 14 21 8      6.27711
     280       1 15 2 24 23 30 29 17 4 11 31 5 27 25 28 18 6 16 20 34 32 33 9 7 3 22 26 13 12 10 19 14 21 8      6.27711
     281       1 15 2 24 23 30 29 17 4 11 31 5 27 25 28 18 6 16 20 34 32 33 9 7 3 22 26 13 12 10 19 14 21 8      6.27711
     282       1 15 2 24 23 30 29 17 4 11 31 5 27 25 28 18 6 16 20 34 32 33 9 7 3 22 26 13 12 10 19 14 21 8      6.27711
     283       1 15 2 24 23 30 29 17 4 11 31 5 27 25 28 18 6 16 20 34 32 33 9 7 3 22 26 13 12 10 19 14 21 8      6.27711
     284       1 15 2 24 23 30 29 17 4 11 31 5 27 25 28 18 6 16 20 34 32 33 9 7 3 22 26 13 12 10 19 14 21 8      6.27711
     285       1 15 2 24 23 30 29 17 4 11 31 5 27 25 28 18 6 16 20 34 32 33 9 7 3 22 26 13 12 10 19 14 21 8      6.27711
     286       1 15 2 24 23 30 29 17 4 11 31 5 27 25 28 18 6 16 34 20 32 33 9 7 3 22 26 13 12 10 19 14 21 8      6.24306
     287       1 15 2 24 23 30 29 17 4 11 31 5 27 25 28 18 6 16 34 20 32 33 9 7 3 22 26 13 12 10 19 14 21 8      6.24306
     288       1 15 2 24 23 30 29 17 4 11 31 5 27 25 28 18 6 16 34 20 32 33 9 7 3 22 26 13 12 10 19 14 21 8      6.24306
     289       1 15 2 24 23 30 29 17 4 11 31 5 27 25 28 18 6 16 34 20 32 33 9 7 3 22 26 13 12 10 19 14 21 8      6.24306
     290       1 15 2 24 23 30 29 17 4 11 31 5 27 25 28 18 6 16 34 20 32 33 9 7 3 22 26 13 12 10 19 14 21 8      6.24306
     291       1 15 2 24 23 30 29 17 4 11 31 5 27 25 28 18 6 16 34 20 32 33 9 7 3 22 26 13 12 10 19 14 21 8      6.24306
     292       1 15 2 24 23 30 29 17 4 11 31 5 27 25 28 18 6 16 34 20 32 33 9 7 3 22 26 13 12 10 19 14 21 8      6.24306
     293       1 15 2 24 23 30 29 17 4 11 31 5 27 25 28 18 6 16 34 20 32 33 9 7 3 22 26 13 12 10 19 14 21 8      6.24306
     294       1 15 2 24 23 30 29 17 4 11 31 5 27 25 28 18 6 16 34 20 32 33 9 7 3 22 26 13 12 10 19 14 21 8      6.24306
     295       1 15 2 24 23 30 29 17 4 11 31 5 27 25 28 18 6 16 34 20 32 33 9 7 3 22 26 13 12 10 19 14 21 8      6.24306
     296       1 15 2 24 23 30 29 17 4 11 31 5 27 25 28 18 6 16 34 20 32 33 9 7 3 22 26 13 12 10 19 14 21 8      6.24306
     297       1 15 2 24 23 30 29 17 4 11 31 5 27 25 28 18 6 16 34 20 32 33 9 7 3 22 26 13 12 10 19 14 21 8      6.24306
     298       1 15 2 24 23 30 29 17 4 11 31 5 27 25 28 18 6 16 34 20 32 33 9 7 3 22 26 13 12 10 19 14 21 8      6.24306
     299       1 15 2 24 23 30 29 17 4 11 31 5 27 25 28 18 6 16 34 20 32 33 9 7 3 22 26 13 12 10 19 14 21 8      6.24306
     300       1 15 2 24 23 30 29 17 4 11 31 5 27 25 28 18 6 16 34 20 32 33 9 7 3 22 26 13 12 10 19 14 21 8      6.24306
     301       1 15 2 24 23 30 29 17 4 11 31 5 27 25 28 18 6 16 34 20 32 33 9 7 3 22 26 13 12 10 19 14 21 8      6.24306
     302       1 15 2 24 23 30 29 17 4 11 31 5 27 25 28 18 6 16 34 20 32 33 9 7 3 22 26 13 12 10 19 14 21 8      6.24306
     303       1 15 2 24 23 30 29 17 4 11 31 5 27 25 28 18 6 16 34 20 32 33 9 7 3 22 26 13 12 10 19 14 21 8      6.24306
     304       1 15 2 24 23 30 29 17 4 11 31 5 27 25 28 18 6 16 34 20 32 33 9 7 3 22 26 13 12 10 19 14 21 8      6.24306
     305       1 15 2 24 23 30 29 17 4 11 31 5 27 25 28 18 6 16 34 20 32 33 9 7 3 22 26 13 12 10 19 14 21 8      6.24306
     306       1 15 2 24 23 30 29 17 4 11 31 5 27 25 28 18 6 16 34 20 32 33 9 7 3 22 26 13 12 10 19 14 21 8      6.24306
     307       1 15 2 24 23 30 29 17 4 11 31 5 27 25 28 18 6 16 34 20 32 33 9 7 3 22 26 13 12 10 19 14 21 8      6.24306
     308       1 15 2 24 23 30 29 17 4 11 31 5 27 25 28 18 6 16 34 20 32 33 9 7 3 22 26 13 12 10 19 14 21 8      6.24306
     309       1 15 2 24 23 30 29 17 4 11 31 5 27 25 28 18 6 16 34 20 32 33 9 7 3 22 26 13 12 10 19 14 21 8      6.24306
     310       1 15 2 24 23 30 29 17 4 11 31 5 27 25 28 18 6 16 34 20 32 33 9 7 3 22 26 13 12 10 19 14 21 8      6.24306
     311       1 15 2 24 23 30 29 17 4 11 31 5 27 25 28 18 6 16 34 20 32 33 9 7 3 22 26 13 12 10 19 14 21 8      6.24306
     312       1 15 2 24 23 30 29 17 4 11 31 5 27 25 28 18 6 16 34 20 32 33 9 7 3 22 26 13 12 10 19 14 21 8      6.24306
     313       1 15 2 24 23 30 29 17 4 11 31 5 27 25 28 18 6 16 34 20 32 33 9 7 3 22 26 13 12 10 19 14 21 8      6.24306
     314       1 15 2 24 23 30 29 17 4 11 31 5 27 25 28 18 6 16 34 20 32 33 9 7 3 22 26 13 12 10 19 14 21 8      6.24306
     315       1 15 2 24 23 30 29 17 4 11 31 5 27 25 28 18 6 16 34 20 32 33 9 7 3 22 26 13 12 10 19 14 21 8      6.24306
     316       1 15 2 24 23 30 29 17 4 11 31 5 27 25 28 18 6 16 34 20 32 33 9 7 3 22 26 13 12 10 19 14 21 8      6.24306
     317       1 15 2 24 23 30 29 17 4 11 31 5 27 25 28 18 6 16 34 20 32 33 9 7 3 22 26 13 12 10 19 14 21 8      6.24306
     318       1 15 2 24 23 30 29 17 4 11 31 5 27 25 28 18 6 16 34 20 32 33 9 7 3 22 26 13 12 10 19 14 21 8      6.24306
     319       1 15 2 24 23 30 29 17 4 11 31 5 27 25 28 18 6 16 34 20 32 33 9 7 3 22 26 13 12 10 19 14 21 8      6.24306
     320       1 15 2 24 23 30 29 17 4 11 31 5 27 25 28 18 6 16 34 20 32 33 9 7 3 22 26 13 12 10 19 14 21 8      6.24306
     321       1 15 2 24 23 30 29 17 4 11 31 5 27 25 28 18 6 16 34 20 32 33 9 7 3 22 26 13 12 10 19 14 21 8      6.24306
     322       1 15 2 24 23 30 29 17 4 11 31 5 27 25 28 18 6 16 34 20 32 33 9 7 3 22 26 13 12 10 19 14 21 8      6.24306
     323       1 15 2 24 23 30 29 17 4 11 31 5 27 25 28 18 6 16 34 20 32 33 9 7 3 22 26 13 12 10 19 14 21 8      6.24306
     324       1 15 2 24 23 30 29 17 4 11 31 5 27 25 28 18 6 16 34 20 32 33 9 7 3 22 26 13 12 10 19 14 21 8      6.24306
     325       1 15 2 24 23 30 29 17 4 11 31 5 27 25 28 18 6 16 34 20 32 33 9 7 3 22 26 13 12 10 19 14 21 8      6.24306
     326       1 15 2 24 23 30 29 17 4 11 31 5 27 25 28 18 6 16 34 20 32 33 9 7 3 22 26 13 12 10 19 14 21 8      6.24306
     327       1 15 2 24 23 30 29 17 4 11 31 5 27 25 28 18 6 16 34 20 32 33 9 7 3 22 26 13 12 10 19 14 21 8      6.24306
     328       1 15 2 24 23 30 29 17 4 11 31 5 27 25 28 18 6 16 34 20 32 33 9 7 3 22 26 13 12 10 19 14 21 8      6.24306
     329       1 15 2 24 23 30 29 17 4 11 31 5 27 25 28 18 6 16 34 20 32 33 9 7 3 22 26 13 12 10 19 14 21 8      6.24306
     330       1 15 2 24 23 30 29 17 4 11 31 5 27 25 28 18 6 16 34 20 32 33 9 7 3 22 26 13 12 10 19 14 21 8      6.24306
     331       1 15 2 24 23 30 29 17 4 11 31 5 27 25 28 18 6 16 34 20 32 33 9 7 3 22 26 13 12 10 19 14 21 8      6.24306
     332       1 15 2 24 23 30 29 17 4 11 31 5 27 25 28 18 6 16 34 20 32 33 9 7 3 22 26 13 12 10 19 14 21 8      6.24306
     333       1 15 2 24 23 30 29 17 4 11 31 5 27 25 28 18 6 16 34 20 32 33 9 7 3 22 26 13 12 10 19 14 21 8      6.24306
     334       1 15 2 24 23 30 29 17 4 11 31 5 27 25 28 18 6 16 34 20 32 33 9 7 3 22 26 13 12 10 19 14 21 8      6.24306
     335       1 15 2 24 23 30 29 17 4 11 31 5 27 25 28 18 6 16 34 20 32 33 9 7 3 22 26 13 12 10 19 14 21 8      6.24306
     336       1 15 2 24 23 30 29 17 4 11 31 5 27 25 28 18 6 16 34 20 32 33 9 7 3 22 26 13 12 10 19 14 21 8      6.24306
     337       1 15 2 24 23 30 29 17 4 11 31 5 27 25 28 18 6 16 34 20 32 33 9 7 3 22 26 13 12 10 19 14 21 8      6.24306
     338       1 15 2 24 23 30 29 17 4 11 31 5 27 25 28 18 6 16 34 20 32 33 9 7 3 22 26 13 12 10 19 14 21 8      6.24306
     339       1 15 2 24 23 30 29 17 4 11 31 5 27 25 28 18 6 16 34 20 32 33 9 7 3 22 26 13 12 10 19 14 21 8      6.24306
     340       1 15 2 24 23 30 29 17 4 11 31 5 27 25 28 18 6 16 34 20 32 33 9 7 3 22 26 13 12 10 19 14 21 8      6.24306
     341       1 15 2 24 23 30 29 17 4 11 31 5 27 25 28 18 6 16 34 20 32 33 9 7 3 22 26 13 12 10 19 14 21 8      6.24306
     342       1 15 2 24 23 30 29 17 4 11 31 5 27 25 28 18 6 16 34 20 32 33 9 7 3 22 26 13 12 10 19 14 21 8      6.24306
     343       1 15 2 24 23 30 29 17 4 11 31 5 27 25 28 18 6 16 34 20 32 33 9 7 3 22 26 13 12 10 19 14 21 8      6.24306
     344       1 15 2 24 23 30 29 17 4 11 31 5 27 25 28 18 6 16 34 20 32 33 9 7 3 22 26 13 12 10 19 14 21 8      6.24306
     345       1 15 2 24 23 30 29 17 4 11 31 5 27 25 28 18 6 16 34 20 32 33 9 7 3 22 26 13 12 10 19 14 21 8      6.24306
     346       1 15 2 24 23 30 29 17 4 11 31 5 27 25 28 18 6 16 34 20 32 33 9 7 3 22 26 13 12 10 19 14 21 8      6.24306
     347       1 15 2 24 23 30 29 17 4 11 31 5 27 25 28 18 6 16 34 20 32 33 9 7 3 22 26 13 12 10 19 14 21 8      6.24306
     348       1 15 2 24 23 30 29 17 4 11 31 5 27 25 28 18 6 16 34 20 32 33 9 7 3 22 26 13 12 10 19 14 21 8      6.24306
     349       1 15 2 24 23 30 29 17 4 11 31 5 27 25 28 18 6 16 34 20 32 33 9 7 3 22 26 13 12 10 19 14 21 8      6.24306
     350       1 15 2 24 23 30 29 17 4 11 31 5 27 25 28 18 6 16 34 20 32 33 9 7 3 22 26 13 12 10 19 14 21 8      6.24306
     351       1 15 2 24 23 30 29 17 4 11 31 5 27 25 28 18 6 16 34 20 32 33 9 7 3 22 26 13 12 10 19 14 21 8      6.24306
     352       1 15 2 24 23 30 29 17 4 11 31 5 27 25 28 18 6 16 34 20 32 33 9 7 3 22 26 13 12 10 19 14 21 8      6.24306
     353       1 15 2 24 23 30 29 17 4 11 31 5 27 25 28 18 6 16 34 20 32 33 9 7 3 22 26 13 12 10 19 14 21 8      6.24306
     354       1 15 2 24 23 30 29 17 4 11 31 5 27 25 28 18 6 16 34 20 32 33 9 7 3 22 26 13 12 10 19 14 21 8      6.24306
     355       1 15 2 24 23 30 29 17 4 11 31 5 27 25 28 18 6 16 34 20 32 33 9 7 3 22 26 13 12 10 19 14 21 8      6.24306
     356       1 15 2 24 23 30 29 17 4 11 31 5 27 25 28 18 6 16 34 20 32 33 9 7 3 22 26 13 12 10 19 14 21 8      6.24306
     357       1 15 2 24 23 30 29 17 4 11 31 5 27 25 28 18 6 16 34 20 32 33 9 7 3 22 26 13 12 10 19 14 21 8      6.24306
     358       1 15 2 24 23 30 29 17 4 11 31 5 27 25 28 18 6 16 34 20 32 33 9 7 3 22 26 13 12 10 19 14 21 8      6.24306
     359       1 15 2 24 23 30 29 17 4 11 31 5 27 25 28 18 6 16 34 20 32 33 9 7 3 22 26 13 12 10 19 14 21 8      6.24306
     360       1 15 2 24 23 30 29 17 4 11 31 5 27 25 28 18 6 16 34 20 32 33 9 7 3 22 26 13 12 10 19 14 21 8      6.24306
     361       1 15 2 24 23 30 29 17 4 11 31 5 27 25 28 18 6 16 34 20 32 33 9 7 3 22 26 13 12 10 19 14 21 8      6.24306
     362       1 15 2 24 23 30 29 17 4 11 31 5 27 25 28 18 6 16 34 20 32 33 9 7 3 22 26 13 12 10 19 14 21 8      6.24306
     363       1 15 2 24 23 30 29 17 4 11 31 5 27 25 28 18 6 16 34 20 32 33 9 7 3 22 26 13 12 10 19 14 21 8      6.24306
     364       1 15 2 24 23 30 29 17 4 11 31 5 27 25 28 18 6 16 34 20 32 33 9 7 3 22 26 13 12 10 19 14 21 8      6.24306
     365       1 15 2 24 23 30 29 17 4 11 31 5 27 25 28 18 6 16 34 20 32 33 9 7 3 22 26 13 12 10 19 14 21 8      6.24306
     366       1 15 2 24 23 30 29 17 4 11 31 5 27 25 28 18 6 16 34 20 32 33 9 7 3 22 26 13 12 10 19 14 21 8      6.24306
     367       1 15 2 24 23 30 29 17 4 11 31 5 27 25 28 18 6 16 34 20 32 33 9 7 3 22 26 13 12 10 19 14 21 8      6.24306
     368       1 15 2 24 23 30 29 17 4 11 31 5 27 25 28 18 6 16 34 20 32 33 9 7 3 22 26 13 12 10 19 14 21 8      6.24306
     369       1 15 2 24 23 30 29 17 4 11 31 5 27 25 28 18 6 16 34 20 32 33 9 7 3 22 26 13 12 10 19 14 21 8      6.24306
     370       1 15 2 24 23 30 29 17 4 11 31 5 27 25 28 18 6 16 34 20 32 33 9 7 3 22 26 13 12 10 19 14 21 8      6.24306
     371       1 15 2 24 23 30 29 17 4 11 31 5 27 25 28 18 6 16 34 20 32 33 9 7 3 22 26 13 12 10 19 14 21 8      6.24306
     372       1 15 2 24 23 30 29 17 4 11 31 5 27 25 28 18 6 16 34 20 32 33 9 7 3 22 26 13 12 10 19 14 21 8      6.24306
     373       1 15 2 24 23 30 29 17 4 11 31 5 27 25 28 18 6 16 34 20 32 33 9 7 3 22 26 13 12 10 19 14 21 8      6.24306
     374       1 15 2 24 23 30 29 17 4 11 31 5 27 25 28 18 6 16 34 20 32 33 9 7 3 22 26 13 12 10 19 14 21 8      6.24306
     375       1 15 2 24 23 30 29 17 4 11 31 5 27 25 28 18 6 16 34 20 32 33 9 7 3 22 26 13 12 10 19 14 21 8      6.24306
     376       1 15 2 24 23 30 29 17 4 11 31 5 27 25 28 18 6 16 34 20 32 33 9 7 3 22 26 13 12 10 19 14 21 8      6.24306
     377       1 15 2 24 23 30 29 17 4 11 31 5 27 25 28 18 6 16 34 20 32 33 9 7 3 22 26 13 12 10 19 14 21 8      6.24306
     378       1 15 2 24 23 30 29 17 4 11 31 5 27 25 28 18 6 16 34 20 32 33 9 7 3 22 26 13 12 10 19 14 21 8      6.24306
     379       1 15 2 24 23 30 29 17 4 11 31 5 27 25 28 18 6 16 34 20 32 33 9 7 3 22 26 13 12 10 19 14 21 8      6.24306
     380       1 15 2 24 23 30 29 17 4 11 31 5 27 25 28 18 6 16 34 20 32 33 9 7 3 22 26 13 12 10 19 14 21 8      6.24306
     381       1 15 2 24 23 30 29 17 4 11 31 5 27 25 28 18 6 16 34 20 32 33 9 7 3 22 26 13 12 10 19 14 21 8      6.24306
     382       1 15 2 24 23 30 29 17 4 11 31 5 27 25 28 18 6 16 34 20 32 33 9 7 3 22 26 13 12 10 19 14 21 8      6.24306
     383       1 15 2 24 23 30 29 17 4 11 31 5 27 25 28 18 6 16 34 20 32 33 9 7 3 22 26 13 12 10 19 14 21 8      6.24306
     384       1 15 2 24 23 30 29 17 4 11 31 5 27 25 28 18 6 16 34 20 32 33 9 7 3 22 26 13 12 10 19 14 21 8      6.24306
     385       1 15 2 24 23 30 29 17 4 11 31 5 27 25 28 18 6 16 34 20 32 33 9 7 3 22 26 13 12 10 19 14 21 8      6.24306
     386       1 15 2 24 23 30 29 17 4 11 31 5 27 25 28 18 6 16 34 20 32 33 9 7 3 22 26 13 12 10 19 14 21 8      6.24306
     387       1 15 2 24 23 30 29 17 4 11 31 5 27 25 28 18 6 16 34 20 32 33 9 7 3 22 26 13 12 10 19 14 21 8      6.24306
     388       1 15 2 24 23 30 29 17 4 11 31 5 27 25 28 18 6 16 34 20 32 33 9 7 3 22 26 13 12 10 19 14 21 8      6.24306
     389       1 15 2 24 23 30 29 17 4 11 31 5 27 25 28 18 6 16 34 20 32 33 9 7 3 22 26 13 12 10 19 14 21 8      6.24306
     390       1 15 2 24 23 30 29 17 4 11 31 5 27 25 28 18 6 16 34 20 32 33 9 7 3 22 26 13 12 10 19 14 21 8      6.24306
     391       1 15 2 24 23 30 29 17 4 11 31 5 27 25 28 18 6 16 34 20 32 33 9 7 3 22 26 13 12 10 19 14 21 8      6.24306
     392       1 15 2 24 23 30 29 17 4 11 31 5 27 25 28 18 6 16 34 20 32 33 9 7 3 22 26 13 12 10 19 14 21 8      6.24306
     393       1 15 2 24 23 30 29 17 4 11 31 5 27 25 28 18 6 16 34 20 32 33 9 7 3 22 26 13 12 10 19 14 21 8      6.24306
     394       1 15 2 24 23 30 29 17 4 11 31 5 27 25 28 18 6 16 34 20 32 33 9 7 3 22 26 13 12 10 19 14 21 8      6.24306
     395       1 15 2 24 23 30 29 17 4 11 31 5 27 25 28 18 6 16 34 20 32 33 9 7 3 22 26 13 12 10 19 14 21 8      6.24306
     396       1 15 2 24 23 30 29 17 4 11 31 5 27 25 28 18 6 16 34 20 32 33 9 7 3 22 26 13 12 10 19 14 21 8      6.24306
     397       1 15 2 24 23 30 29 17 4 11 31 5 27 25 28 18 6 16 34 20 32 33 9 7 3 22 26 13 12 10 19 14 21 8      6.24306
     398       1 15 2 24 23 30 29 17 4 11 31 5 27 25 28 18 6 16 34 20 32 33 9 7 3 22 26 13 12 10 19 14 21 8      6.24306
     399       1 15 2 24 23 30 29 17 4 11 31 5 27 25 28 18 6 16 34 20 32 33 9 7 3 22 26 13 12 10 19 14 21 8      6.24306
     400       1 15 2 24 23 30 29 17 4 11 31 5 27 25 28 18 6 16 34 20 32 33 9 7 3 22 26 13 12 10 19 14 21 8      6.24306
     401       1 15 2 24 23 30 29 17 4 11 31 5 27 25 28 18 6 16 34 20 32 33 9 7 3 22 26 13 12 10 19 14 21 8      6.24306
     402       1 15 2 24 23 30 29 17 4 11 31 5 27 25 28 18 6 16 34 20 32 33 9 7 3 22 26 13 12 10 19 14 21 8      6.24306
     403       1 15 2 24 23 30 29 17 4 11 31 5 27 25 28 18 6 16 34 20 32 33 9 7 3 22 26 13 12 10 19 14 21 8      6.24306
     404       1 15 2 24 23 30 29 17 4 11 31 5 27 25 28 18 6 16 34 20 32 33 9 7 3 22 26 13 12 10 19 14 21 8      6.24306
     405       1 15 2 24 23 30 29 17 4 11 31 5 27 25 28 18 6 16 34 20 32 33 9 7 3 22 26 13 12 10 19 14 21 8      6.24306
     406       1 15 2 24 23 30 29 17 4 11 31 5 27 25 28 18 6 16 34 20 32 33 9 7 3 22 26 13 12 10 19 14 21 8      6.24306
     407       1 15 2 24 23 30 29 17 4 11 31 5 27 25 28 18 6 16 34 20 32 33 9 7 3 22 26 13 12 10 19 14 21 8      6.24306
     408       1 15 2 24 23 30 29 17 4 11 31 5 27 25 28 18 6 16 34 20 32 33 9 7 3 22 26 13 12 10 19 14 21 8      6.24306
     409       1 15 2 24 23 30 29 17 4 11 31 5 27 25 28 18 6 16 34 20 32 33 9 7 3 22 26 13 12 10 19 14 21 8      6.24306
     410       1 15 2 24 23 30 29 17 4 11 31 5 27 25 28 18 6 16 34 20 32 33 9 7 3 22 26 13 12 10 19 14 21 8      6.24306
     411       1 15 2 24 23 30 29 17 4 11 31 5 27 25 28 18 6 16 34 20 32 33 9 7 3 22 26 13 12 10 19 14 21 8      6.24306
     412       1 15 2 24 23 30 29 17 4 11 31 5 27 25 28 18 6 16 34 20 32 33 9 7 3 22 26 13 12 10 19 14 21 8      6.24306
     413       1 15 2 24 23 30 29 17 4 11 31 5 27 25 28 18 6 16 34 20 32 33 9 7 3 22 26 13 12 10 19 14 21 8      6.24306
     414       1 15 2 24 23 30 29 17 4 11 31 5 27 25 28 18 6 16 34 20 32 33 9 7 3 22 26 13 12 10 19 14 21 8      6.24306
     415       1 15 2 24 23 30 29 17 4 11 31 5 27 25 28 18 6 16 34 20 32 33 9 7 3 22 26 13 12 10 19 14 21 8      6.24306
     416       1 15 2 24 23 30 29 17 4 11 31 5 27 25 28 18 6 16 34 20 32 33 9 7 3 22 26 13 12 10 19 14 21 8      6.24306
     417       1 15 2 24 23 30 29 17 4 11 31 5 27 25 28 18 6 16 34 20 32 33 9 7 3 22 26 13 12 10 19 14 21 8      6.24306
     418       1 15 2 24 23 30 29 17 4 11 31 5 27 25 28 18 6 16 34 20 32 33 9 7 3 22 26 13 12 10 19 14 21 8      6.24306
     419       1 15 2 24 23 30 29 17 4 11 31 5 27 25 28 18 6 16 34 20 32 33 9 7 3 22 26 13 12 10 19 14 21 8      6.24306
     420       1 15 2 24 23 30 29 17 4 11 31 5 27 25 28 18 6 16 34 20 32 33 9 7 3 22 26 13 12 10 19 14 21 8      6.24306
     421       1 15 2 24 23 30 29 17 4 11 31 5 27 25 28 18 6 16 34 20 32 33 9 7 3 22 26 13 12 10 19 14 21 8      6.24306
     422       1 15 2 24 23 30 29 17 4 11 31 5 27 25 28 18 6 16 34 20 32 33 9 7 3 22 26 13 12 10 19 14 21 8      6.24306
     423       1 15 2 24 23 30 29 17 4 11 31 5 27 25 28 18 6 16 34 20 32 33 9 7 3 22 26 13 12 10 19 14 21 8      6.24306
     424       1 15 2 24 23 30 29 17 4 11 31 5 27 25 28 18 6 16 34 20 32 33 9 7 3 22 26 13 12 10 19 14 21 8      6.24306
     425       1 15 2 24 23 30 29 17 4 11 31 5 27 25 28 18 6 16 34 20 32 33 9 7 3 22 26 13 12 10 19 14 21 8      6.24306
     426       1 15 2 24 23 30 29 17 4 11 31 5 27 25 28 18 6 16 34 20 32 33 9 7 3 22 26 13 12 10 19 14 21 8      6.24306
     427       1 15 2 24 23 30 29 17 4 11 31 5 27 25 28 18 6 16 34 20 32 33 9 7 3 22 26 13 12 10 19 14 21 8      6.24306
     428       1 15 2 24 23 30 29 17 4 11 31 5 27 25 28 18 6 16 34 20 32 33 9 7 3 22 26 13 12 10 19 14 21 8      6.24306
     429       1 15 2 24 23 30 29 17 4 11 31 5 27 25 28 18 6 16 34 20 32 33 9 7 3 22 26 13 12 10 19 14 21 8      6.24306
     430       1 15 2 24 23 30 29 17 4 11 31 5 27 25 28 18 6 16 34 20 32 33 9 7 3 22 26 13 12 10 19 14 21 8      6.24306
     431       1 15 2 24 23 30 29 17 4 11 31 5 27 25 28 18 6 16 34 20 32 33 9 7 3 22 26 13 12 10 19 14 21 8      6.24306
     432       1 15 2 24 23 30 29 17 4 11 31 5 27 25 28 18 6 16 34 20 32 33 9 7 3 22 26 13 12 10 19 14 21 8      6.24306
     433       1 8 21 14 19 10 12 13 26 22 3 7 9 33 32 20 34 16 6 18 28 25 27 5 31 11 4 17 29 30 23 24 2 15      6.24306
     434       1 8 21 14 19 10 12 13 26 22 3 7 9 33 32 20 34 16 6 18 28 25 27 5 31 11 4 17 29 30 23 24 2 15      6.24306
     435       1 8 21 14 19 10 12 13 26 22 3 7 9 33 32 20 34 16 6 18 28 25 27 5 31 11 4 17 29 30 23 24 2 15      6.24306
     436       1 8 21 14 19 10 12 13 26 22 3 7 9 33 32 20 34 16 6 18 28 25 27 5 31 11 4 17 29 30 23 24 2 15      6.24306
     437       1 8 21 14 19 10 12 13 26 22 3 7 9 33 32 20 34 16 6 18 28 25 27 5 31 11 4 17 29 30 23 24 2 15      6.24306
     438       1 8 21 14 19 10 12 13 26 22 3 7 9 33 32 20 34 16 6 18 28 25 27 5 31 11 4 17 29 30 23 24 2 15      6.24306
     439       1 8 21 14 19 10 12 13 26 22 3 7 9 33 32 20 34 16 6 18 28 25 27 5 31 11 4 17 29 30 23 24 2 15      6.24306
     440       1 8 21 14 19 10 12 13 26 22 3 7 9 33 32 20 34 16 6 18 28 25 27 5 31 11 4 17 29 30 23 24 2 15      6.24306
     441       1 8 21 14 19 10 12 13 26 22 3 7 9 33 32 20 34 16 6 18 28 25 27 5 31 11 4 17 29 30 23 24 2 15      6.24306
     442       1 8 21 14 19 10 12 13 26 22 3 7 9 33 32 20 34 16 6 18 28 25 27 5 31 11 4 17 29 30 23 24 2 15      6.24306
     443       1 8 21 14 19 10 12 13 26 22 3 7 9 33 32 20 34 16 6 18 28 25 27 5 31 11 4 17 29 30 23 24 2 15      6.24306
     444       1 8 21 14 19 10 12 13 26 22 3 7 9 33 32 20 34 16 6 18 28 25 27 5 31 11 4 17 29 30 23 24 2 15      6.24306
     445       1 8 21 14 19 10 12 13 26 22 3 7 9 33 32 20 34 16 6 18 28 25 27 5 31 11 4 17 29 30 23 24 2 15      6.24306
     446       1 8 21 14 19 10 12 13 26 22 3 7 9 33 32 20 34 16 6 18 28 25 27 5 31 11 4 17 29 30 23 24 2 15      6.24306
     447       1 8 21 14 19 10 12 13 26 22 3 7 9 33 32 20 34 16 6 18 28 25 27 5 31 11 4 17 29 30 23 24 2 15      6.24306
     448       1 8 21 14 19 10 12 13 26 22 3 7 9 33 32 20 34 16 6 18 28 25 27 5 31 11 4 17 29 30 23 24 2 15      6.24306
     449       1 8 21 14 19 10 12 13 26 22 3 7 9 33 32 20 34 16 6 18 28 25 27 5 31 11 4 17 29 30 23 24 2 15      6.24306
     450       1 8 21 14 19 10 12 13 26 22 3 7 9 33 32 20 34 16 6 18 28 25 27 5 31 11 4 17 29 30 23 24 2 15      6.24306
     451       1 8 21 14 19 10 12 13 26 22 3 7 9 33 32 20 34 16 6 18 28 25 27 5 31 11 4 17 29 30 23 24 2 15      6.24306
     452       1 8 21 14 19 10 12 13 26 22 3 7 9 33 32 20 34 16 6 18 28 25 27 5 31 11 4 17 29 30 23 24 2 15      6.24306
     453       1 8 21 14 19 10 12 13 26 22 3 7 9 33 32 20 34 16 6 18 28 25 27 5 31 11 4 17 29 30 23 24 2 15      6.24306
     454       1 8 21 14 19 10 12 13 26 22 3 7 9 33 32 20 34 16 6 18 28 25 27 5 31 11 4 17 29 30 23 24 2 15      6.24306
     455       1 8 21 14 19 10 12 13 26 22 3 7 9 33 32 20 34 16 6 18 28 25 27 5 31 11 4 17 29 30 23 24 2 15      6.24306
     456       1 8 21 14 19 10 12 13 26 22 3 7 9 33 32 20 34 16 6 18 28 25 27 5 31 11 4 17 29 30 23 24 2 15      6.24306
     457       1 8 21 14 19 10 12 13 26 22 3 7 9 33 32 20 34 16 6 18 28 25 27 5 31 11 4 17 29 30 23 24 2 15      6.24306
     458       1 8 21 14 19 10 12 13 26 22 3 7 9 33 32 20 34 16 6 18 28 25 27 5 31 11 4 17 29 30 23 24 2 15      6.24306
     459       1 8 21 14 19 10 12 13 26 22 3 7 9 33 32 20 34 16 6 18 28 25 27 5 31 11 4 17 29 30 23 24 2 15      6.24306
     460       1 8 21 14 19 10 12 13 26 22 3 7 9 33 32 20 34 16 6 18 28 25 27 5 31 11 4 17 29 30 23 24 2 15      6.24306
     461       1 8 21 14 19 10 12 13 26 22 3 7 9 33 32 20 34 16 6 18 28 25 27 5 31 11 4 17 29 30 23 24 2 15      6.24306
     462       1 8 21 14 19 10 12 13 26 22 3 7 9 33 32 20 34 16 6 18 28 25 27 5 31 11 4 17 29 30 23 24 2 15      6.24306
     463       1 8 21 14 19 10 12 13 26 22 3 7 9 33 32 20 34 16 6 18 28 25 27 5 31 11 4 17 29 30 23 24 2 15      6.24306
     464       1 8 21 14 19 10 12 13 26 22 3 7 9 33 32 20 34 16 6 18 28 25 27 5 31 11 4 17 29 30 23 24 2 15      6.24306
     465       1 8 21 14 19 10 12 13 26 22 3 7 9 33 32 20 34 16 6 18 28 25 27 5 31 11 4 17 29 30 23 24 2 15      6.24306
     466       1 8 21 14 19 10 12 13 26 22 3 7 9 33 32 20 34 16 6 18 28 25 27 5 31 11 4 17 29 30 23 24 2 15      6.24306
     467       1 8 21 14 19 10 12 13 26 22 3 7 9 33 32 20 34 16 6 18 28 25 27 5 31 11 4 17 29 30 23 24 2 15      6.24306
     468       1 8 21 14 19 10 12 13 26 22 3 7 9 33 32 20 34 16 6 18 28 25 27 5 31 11 4 17 29 30 23 24 2 15      6.24306
     469       1 8 21 14 19 10 12 13 26 22 3 7 9 33 32 20 34 16 6 18 28 25 27 5 31 11 4 17 29 30 23 24 2 15      6.24306
     470       1 8 21 14 19 10 12 13 26 22 3 7 9 33 32 20 34 16 6 18 28 25 27 5 31 11 4 17 29 30 23 24 2 15      6.24306
     471       1 8 21 14 19 10 12 13 26 22 3 7 9 33 32 20 34 16 6 18 28 25 27 5 31 11 4 17 29 30 23 24 2 15      6.24306
     472       1 8 21 14 19 10 12 13 26 22 3 7 9 33 32 20 34 16 6 18 28 25 27 5 31 11 4 17 29 30 23 24 2 15      6.24306
     473       1 8 21 14 19 10 12 13 26 22 3 7 9 33 32 20 34 16 6 18 28 25 27 5 31 11 4 17 29 30 23 24 2 15      6.24306
     474       1 8 21 14 19 10 12 13 26 22 3 7 9 33 32 20 34 16 6 18 28 25 27 5 31 11 4 17 29 30 23 24 2 15      6.24306
     475       1 8 21 14 19 10 12 13 26 22 3 7 9 33 32 20 34 16 6 18 28 25 27 5 31 11 4 17 29 30 23 24 2 15      6.24306
     476       1 8 21 14 19 10 12 13 26 22 3 7 9 33 32 20 34 16 6 18 28 25 27 5 31 11 4 17 29 30 23 24 2 15      6.24306
     477       1 8 21 14 19 10 12 13 26 22 3 7 9 33 32 20 34 16 6 18 28 25 27 5 31 11 4 17 29 30 23 24 2 15      6.24306
     478       1 8 21 14 19 10 12 13 26 22 3 7 9 33 32 20 34 16 6 18 28 25 27 5 31 11 4 17 29 30 23 24 2 15      6.24306
     479       1 8 21 14 19 10 12 13 26 22 3 7 9 33 32 20 34 16 6 18 28 25 27 5 31 11 4 17 29 30 23 24 2 15      6.24306
     480       1 8 21 14 19 10 12 13 26 22 3 7 9 33 32 20 34 16 6 18 28 25 27 5 31 11 4 17 29 30 23 24 2 15      6.24306
     481       1 8 21 14 19 10 12 13 26 22 3 7 9 33 32 20 34 16 6 18 28 25 27 5 31 11 4 17 29 30 23 24 2 15      6.24306
     482       1 8 21 14 19 10 12 13 26 22 3 7 9 33 32 20 34 16 6 18 28 25 27 5 31 11 4 17 29 30 23 24 2 15      6.24306
     483       1 8 21 14 19 10 12 13 26 22 3 7 9 33 32 20 34 16 6 18 28 25 27 5 31 11 4 17 29 30 23 24 2 15      6.24306
     484       1 8 21 14 19 10 12 13 26 22 3 7 9 33 32 20 34 16 6 18 28 25 27 5 31 11 4 17 29 30 23 24 2 15      6.24306
     485       1 8 21 14 19 10 12 13 26 22 3 7 9 33 32 20 34 16 6 18 28 25 27 5 31 11 4 17 29 30 23 24 2 15      6.24306
     486       1 8 21 14 19 10 12 13 26 22 3 7 9 33 32 20 34 16 6 18 28 25 27 5 31 11 4 17 29 30 23 24 2 15      6.24306
     487       1 8 21 14 19 10 12 13 26 22 3 7 9 33 32 20 34 16 6 18 28 25 27 5 31 11 4 17 29 30 23 24 2 15      6.24306
     488       1 8 21 14 19 10 12 13 26 22 3 7 9 33 32 20 34 16 6 18 28 25 27 5 31 11 4 17 29 30 23 24 2 15      6.24306
     489       1 8 21 14 19 10 12 13 26 22 3 7 9 33 32 20 34 16 6 18 28 25 27 5 31 11 4 17 29 30 23 24 2 15      6.24306
     490       1 8 21 14 19 10 12 13 26 22 3 7 9 33 32 20 34 16 6 18 28 25 27 5 31 11 4 17 29 30 23 24 2 15      6.24306
     491       1 8 21 14 19 10 12 13 26 22 3 7 9 33 32 20 34 16 6 18 28 25 27 5 31 11 4 17 29 30 23 24 2 15      6.24306
     492       1 8 21 14 19 10 12 13 26 22 3 7 9 33 32 20 34 16 6 18 28 25 27 5 31 11 4 17 29 30 23 24 2 15      6.24306
     493       1 8 21 14 19 10 12 13 26 22 3 7 9 33 32 20 34 16 6 18 28 25 27 5 31 11 4 17 29 30 23 24 2 15      6.24306
     494       1 8 21 14 19 10 12 13 26 22 3 7 9 33 32 20 34 16 6 18 28 25 27 5 31 11 4 17 29 30 23 24 2 15      6.24306
     495       1 8 21 14 19 10 12 13 26 22 3 7 9 33 32 20 34 16 6 18 28 25 27 5 31 11 4 17 29 30 23 24 2 15      6.24306
     496       1 8 21 14 19 10 12 13 26 22 3 7 9 33 32 20 34 16 6 18 28 25 27 5 31 11 4 17 29 30 23 24 2 15      6.24306
     497       1 8 21 14 19 10 12 13 26 22 3 7 9 33 32 20 34 16 6 18 28 25 27 5 31 11 4 17 29 30 23 24 2 15      6.24306
     498       1 8 21 14 19 10 12 13 26 22 3 7 9 33 32 20 34 16 6 18 28 25 27 5 31 11 4 17 29 30 23 24 2 15      6.24306
     499       1 8 21 14 19 10 12 13 26 22 3 7 9 33 32 20 34 16 6 18 28 25 27 5 31 11 4 17 29 30 23 24 2 15      6.24306
