# Generation      <L(1)>
          0     36.4598
          1     33.9564
          2     32.9372
          3     31.5035
          4     29.2673
          5     28.1149
          6     27.3589
          7     26.3397
          8     25.6117
          9     24.0662
         10     23.1323
         11     22.5688
         12     21.8756
         13     20.9296
         14      19.854
         15     19.2101
         16     18.2489
         17     17.5957
         18     17.3382
         19     17.2326
         20     17.1786
         21     17.1685
         22      17.104
         23     17.0159
         24      16.859
         25     16.6658
         26     16.5198
         27     16.5193
         28     16.5138
         29     16.4625
         30     16.3308
         31     16.2602
         32     16.2429
         33     16.0298
         34     15.5836
         35     15.3229
         36     15.2263
         37     15.1772
         38     14.9823
         39     14.6587
         40     14.2225
         41     14.0257
         42     13.8004
         43     13.3777
         44       13.31
         45     13.1425
         46     13.1164
         47     13.1164
         48     13.1164
         49     13.1164
         50     13.1135
         51      13.034
         52     12.9073
         53     12.8348
         54     12.8348
         55     12.8348
         56     12.8348
         57     12.8311
         58     12.7548
         59     12.6723
         60     12.6723
         61     12.6723
         62     12.6644
         63     12.5259
         64     11.9929
         65     11.1778
         66     10.9077
         67     10.8706
         68     10.7812
         69     10.7812
         70     10.7812
         71     10.7812
         72     10.7812
         73     10.7812
         74     10.7812
         75     10.7812
         76     10.7811
         77     10.7797
         78      10.776
         79     10.7751
         80     10.7751
         81     10.7751
         82     10.7751
         83     10.7751
         84     10.7751
         85     10.7751
         86     10.7717
         87     10.7137
         88     10.4961
         89     10.1493
         90     9.72781
         91     9.32036
         92     9.01119
         93     9.01119
         94     9.01119
         95     9.01119
         96     9.01119
         97     9.00916
         98     8.94304
         99     8.81659
        100     8.79866
        101     8.79072
        102      8.7748
        103     8.69925
        104     8.48937
        105     8.38745
        106     8.32292
        107     8.32243
        108     8.32243
        109     8.32243
        110     8.32243
        111     8.32243
        112     8.32243
        113     8.32243
        114     8.32243
        115     8.32168
        116     8.30151
        117      8.2477
        118     8.24386
        119     8.17477
        120     7.99439
        121     7.85895
        122     7.70855
        123     7.47029
        124     7.36923
        125     7.36923
        126     7.36923
        127     7.36923
        128     7.36923
        129     7.36923
        130     7.36923
        131     7.36923
        132     7.36923
        133     7.36923
        134     7.36923
        135     7.36923
        136     7.36923
        137     7.36923
        138     7.36923
        139     7.36923
        140     7.36923
        141     7.36923
        142     7.36923
        143     7.36923
        144     7.36923
        145     7.36923
        146     7.36922
        147     7.36893
        148     7.36805
        149     7.36786
        150     7.36786
        151     7.35121
        152     6.96663
        153     6.32728
        154     6.29889
        155     6.29889
        156     6.29889
        157     6.29889
        158     6.29889
        159     6.29889
        160     6.29889
        161     6.29889
        162     6.29889
        163     6.29889
        164     6.29889
        165     6.29889
        166     6.29889
        167     6.29889
        168     6.29889
        169     6.29889
        170     6.29889
        171     6.29889
        172     6.29889
        173     6.29889
        174     6.29889
        175     6.29889
        176     6.29889
        177     6.29889
        178     6.29889
        179     6.29889
        180     6.29889
        181     6.29889
        182     6.29889
        183     6.29889
        184     6.29889
        185     6.29889
        186     6.29889
        187     6.29889
        188     6.29889
        189     6.29889
        190     6.29889
        191     6.29889
        192     6.29889
        193     6.29889
        194     6.29889
        195     6.29867
        196     6.29409
        197     6.27972
        198     6.27711
        199     6.27711
        200     6.27711
        201     6.27711
        202     6.27711
        203     6.27711
        204     6.27711
        205     6.27711
        206     6.27711
        207     6.27711
        208     6.27711
        209     6.27711
        210     6.27711
        211     6.27711
        212     6.27711
        213     6.27711
        214     6.27711
        215     6.27711
        216     6.27711
        217     6.27711
        218     6.27711
        219     6.27711
        220     6.27711
        221     6.27711
        222     6.27711
        223     6.27711
        224     6.27711
        225     6.27711
        226     6.27711
        227     6.27711
        228     6.27711
        229     6.27711
        230     6.27711
        231     6.27711
        232     6.27711
        233     6.27711
        234     6.27711
        235     6.27711
        236     6.27711
        237     6.27711
        238     6.27711
        239     6.27711
        240     6.27711
        241     6.27711
        242     6.27711
        243     6.27711
        244     6.27711
        245     6.27711
        246     6.27711
        247     6.27711
        248     6.27711
        249     6.27711
        250     6.27711
        251     6.27711
        252     6.27711
        253     6.27711
        254     6.27711
        255     6.27711
        256     6.27711
        257     6.27711
        258     6.27711
        259     6.27711
        260     6.27711
        261     6.27711
        262     6.27711
        263     6.27711
        264     6.27711
        265     6.27711
        266     6.27711
        267     6.27711
        268     6.27711
        269     6.27711
        270     6.27711
        271     6.27711
        272     6.27711
        273     6.27711
        274     6.27711
        275     6.27711
        276     6.27711
        277     6.27711
        278     6.27711
        279     6.27711
        280     6.27711
        281     6.27711
        282     6.27711
        283     6.27711
        284     6.27711
        285     6.27711
        286     6.27677
        287     6.26791
        288     6.24442
        289     6.24306
        290     6.24306
        291     6.24306
        292     6.24306
        293     6.24306
        294     6.24306
        295     6.24306
        296     6.24306
        297     6.24306
        298     6.24306
        299     6.24306
        300     6.24306
        301     6.24306
        302     6.24306
        303     6.24306
        304     6.24306
        305     6.24306
        306     6.24306
        307     6.24306
        308     6.24306
        309     6.24306
        310     6.24306
        311     6.24306
        312     6.24306
        313     6.24306
        314     6.24306
        315     6.24306
        316     6.24306
        317     6.24306
        318     6.24306
        319     6.24306
        320     6.24306
        321     6.24306
        322     6.24306
        323     6.24306
        324     6.24306
        325     6.24306
        326     6.24306
        327     6.24306
        328     6.24306
        329     6.24306
        330     6.24306
        331     6.24306
        332     6.24306
        333     6.24306
        334     6.24306
        335     6.24306
        336     6.24306
        337     6.24306
        338     6.24306
        339     6.24306
        340     6.24306
        341     6.24306
        342     6.24306
        343     6.24306
        344     6.24306
        345     6.24306
        346     6.24306
        347     6.24306
        348     6.24306
        349     6.24306
        350     6.24306
        351     6.24306
        352     6.24306
        353     6.24306
        354     6.24306
        355     6.24306
        356     6.24306
        357     6.24306
        358     6.24306
        359     6.24306
        360     6.24306
        361     6.24306
        362     6.24306
        363     6.24306
        364     6.24306
        365     6.24306
        366     6.24306
        367     6.24306
        368     6.24306
        369     6.24306
        370     6.24306
        371     6.24306
        372     6.24306
        373     6.24306
        374     6.24306
        375     6.24306
        376     6.24306
        377     6.24306
        378     6.24306
        379     6.24306
        380     6.24306
        381     6.24306
        382     6.24306
        383     6.24306
        384     6.24306
        385     6.24306
        386     6.24306
        387     6.24306
        388     6.24306
        389     6.24306
        390     6.24306
        391     6.24306
        392     6.24306
        393     6.24306
        394     6.24306
        395     6.24306
        396     6.24306
        397     6.24306
        398     6.24306
        399     6.24306
        400     6.24306
        401     6.24306
        402     6.24306
        403     6.24306
        404     6.24306
        405     6.24306
        406     6.24306
        407     6.24306
        408     6.24306
        409     6.24306
        410     6.24306
        411     6.24306
        412     6.24306
        413     6.24306
        414     6.24306
        415     6.24306
        416     6.24306
        417     6.24306
        418     6.24306
        419     6.24306
        420     6.24306
        421     6.24306
        422     6.24306
        423     6.24306
        424     6.24306
        425     6.24306
        426     6.24306
        427     6.24306
        428     6.24306
        429     6.24306
        430     6.24306
        431     6.24306
        432     6.24306
        433     6.24306
        434     6.24306
        435     6.25784
        436     6.26677
        437     6.27822
        438     6.24306
        439     6.24306
        440     6.24306
        441     6.24306
        442     6.24306
        443     6.24306
        444     6.24306
        445     6.24306
        446     6.24306
        447     6.24306
        448     6.24306
        449     6.24306
        450     6.24306
        451     6.24306
        452     6.24306
        453     6.24306
        454     6.24306
        455     6.24306
        456     6.24306
        457     6.24306
        458     6.24306
        459     6.24306
        460     6.24306
        461     6.24306
        462     6.24306
        463     6.24306
        464     6.24306
        465     6.24306
        466     6.24306
        467     6.24306
        468     6.24306
        469     6.24306
        470     6.24306
        471     6.24306
        472     6.24306
        473     6.24306
        474     6.24306
        475     6.24306
        476     6.24306
        477     6.24306
        478     6.24306
        479     6.24306
        480     6.24306
        481     6.24306
        482     6.24306
        483     6.24306
        484     6.24306
        485     6.24306
        486     6.24306
        487     6.24306
        488     6.24306
        489     6.24306
        490     6.24306
        491     6.24306
        492     6.24306
        493     6.24306
        494     6.24306
        495     6.24306
        496     6.24306
        497     6.24306
        498     6.24306
        499     6.24306
