# Generation      <L(1)>
          0     33.6279
          1     31.4389
          2     30.4874
          3     29.1282
          4     28.2677
          5     27.1103
          6     25.3306
          7     23.8108
          8     23.5263
          9     23.0946
         10     22.9127
         11     22.4511
         12     22.0918
         13     21.4224
         14     20.7383
         15     20.2616
         16     19.7677
         17     19.0885
         18     18.7786
         19     18.2563
         20     17.9738
         21     17.8318
         22     17.8258
         23     17.8189
         24     17.6274
         25     17.2927
         26     17.0389
         27     16.8227
         28     16.4396
         29     16.1327
         30     16.1291
         31     16.0199
         32     15.8362
         33     15.8013
         34     15.8013
         35     15.8013
         36     15.7993
         37     15.7518
         38     15.6115
         39     15.5933
         40     15.5896
         41     15.5829
         42     15.5679
         43     15.4888
         44     15.2674
         45      15.192
         46      15.192
         47      15.192
         48      15.192
         49      15.192
         50      15.192
         51      15.192
         52      15.192
         53      15.192
         54      15.192
         55      15.192
         56      15.192
         57      15.188
         58     15.0644
         59     14.8451
         60     14.7933
         61     14.7933
         62     14.7933
         63     14.7933
         64     14.7933
         65     14.7894
         66     14.6281
         67     14.4013
         68     14.4008
         69     14.3996
         70     14.3994
         71     14.3994
         72     14.3994
         73     14.3984
         74     14.3639
         75     14.3017
         76     14.2993
         77     14.2752
         78     14.2155
         79     14.1587
         80     14.1587
         81     14.1587
         82     14.1587
         83     14.1587
         84     14.1587
         85     14.1587
         86     14.1587
         87     14.1587
         88     14.1587
         89     14.1587
         90     14.1587
         91     14.1587
         92     14.1587
         93     14.1576
         94      14.112
         95     13.8721
         96     13.6033
         97     13.5793
         98     13.5793
         99     13.5762
        100     13.4893
        101     13.2653
        102     13.0422
        103     12.9488
        104     12.8115
        105     12.6539
        106     12.4269
        107      12.342
        108      12.342
        109      12.342
        110      12.342
        111      12.342
        112      12.342
        113      12.342
        114      12.342
        115      12.342
        116      12.342
        117      12.342
        118      12.342
        119      12.342
        120      12.342
        121      12.342
        122      12.342
        123      12.342
        124      12.342
        125      12.342
        126      12.342
        127     12.3409
        128     12.3224
        129     12.3314
        130     12.2335
        131     12.2335
        132     12.2306
        133     12.1359
        134     11.9877
        135     11.9525
        136     11.9525
        137     11.9525
        138     11.9525
        139     11.9525
        140     11.9525
        141     11.9525
        142     11.9525
        143     11.9525
        144     11.9525
        145     11.9511
        146       11.93
        147      11.804
        148     11.4381
        149     10.9606
        150     10.7939
        151     10.7614
        152     10.6159
        153     10.4192
        154     10.4181
        155     10.3939
        156     10.3356
        157     10.3093
        158     10.3093
        159     10.3093
        160     10.3093
        161     10.3093
        162     10.3093
        163     10.3093
        164     10.3093
        165     10.3093
        166     10.3093
        167     10.3093
        168     10.3093
        169     10.3093
        170     10.3093
        171     10.3093
        172     10.3093
        173     10.3093
        174     10.3093
        175     10.3093
        176     10.3093
        177     10.3093
        178     10.3093
        179     10.3093
        180     10.3093
        181     10.3093
        182     10.3093
        183     10.3093
        184     10.3093
        185     10.3093
        186     10.3093
        187     10.3093
        188     10.3093
        189     10.3093
        190     10.3093
        191     10.3093
        192     10.3093
        193     10.3093
        194     10.3093
        195     10.3093
        196     10.3093
        197     10.3093
        198     10.3093
        199     10.3093
        200     10.3093
        201     10.3093
        202     10.3093
        203     10.3093
        204     10.3093
        205     10.3093
        206     10.3093
        207     10.3093
        208     10.3093
        209     10.3089
        210     10.3011
        211     10.2767
        212     10.2767
        213     10.2767
        214     10.2767
        215     10.2767
        216     10.2767
        217     10.2767
        218     10.2767
        219     10.2767
        220     10.2767
        221     10.2767
        222     10.2753
        223     10.2714
        224     10.2714
        225     10.2714
        226     10.2714
        227     10.2714
        228     10.2714
        229     10.2714
        230     10.2714
        231     10.2714
        232     10.2714
        233     10.2714
        234     10.2714
        235     10.2714
        236     10.2714
        237     10.2714
        238     10.2714
        239     10.2714
        240     10.2714
        241     10.2714
        242     10.2714
        243     10.2714
        244     10.2714
        245     10.2714
        246     10.2714
        247     10.2714
        248     10.2714
        249     10.2714
        250     10.2714
        251     10.2714
        252     10.2714
        253     10.2714
        254     10.2714
        255     10.2714
        256     10.2714
        257     10.2714
        258     10.2714
        259     10.2714
        260     10.2714
        261     10.2714
        262     10.2714
        263     10.2714
        264     10.2714
        265     10.2714
        266     10.2714
        267     10.2714
        268     10.2714
        269     10.2714
        270     10.2714
        271     10.2714
        272     10.2714
        273     10.2714
        274     10.2714
        275     10.2714
        276     10.2714
        277     10.2714
        278     10.2714
        279     10.2714
        280     10.2714
        281     10.2714
        282     10.2714
        283     10.2714
        284     10.2714
        285     10.2714
        286     10.2714
        287     10.2714
        288     10.2714
        289     10.2714
        290     10.2714
        291     10.2714
        292     10.2714
        293     10.2714
        294     10.2714
        295     10.2714
        296     10.2714
        297     10.2714
        298     10.2714
        299     10.2714
        300     10.2714
        301     10.2714
        302     10.2714
        303     10.2714
        304     10.2714
        305     10.2714
        306     10.2714
        307     10.2714
        308     10.2714
        309     10.2714
        310     10.2714
        311     10.2714
        312     10.2714
        313     10.2714
        314     10.2714
        315     10.2714
        316     10.2714
        317     10.2714
        318     10.2714
        319     10.2714
        320     10.2714
        321     10.2714
        322     10.2714
        323     10.2714
        324     10.2714
        325     10.2714
        326     10.2714
        327     10.2714
        328     10.2714
        329     10.2714
        330     10.2691
        331     10.2037
        332     10.0457
        333     10.0457
        334     10.0457
        335     10.0457
        336     10.0457
        337     10.0457
        338     10.0457
        339     10.0457
        340     10.0457
        341     10.0457
        342     10.0457
        343     10.0457
        344     10.0457
        345     10.0457
        346     10.0457
        347     10.0457
        348     10.0457
        349     10.0457
        350     10.0457
        351     10.0457
        352     10.0457
        353     10.0457
        354     10.0457
        355     10.0457
        356     10.0457
        357     10.0457
        358     10.0457
        359     10.0457
        360     10.0457
        361     10.0457
        362     10.0457
        363     10.0457
        364     10.0457
        365     10.0457
        366     10.0457
        367     10.0457
        368     10.0457
        369     10.0457
        370     10.0457
        371     10.0457
        372     10.0457
        373     10.0457
        374     10.0457
        375     10.0457
        376     10.0457
        377     10.0457
        378     10.0457
        379     10.0457
        380     10.0457
        381     10.0457
        382     10.0457
        383     10.0457
        384     10.0457
        385     10.0457
        386     10.0457
        387     10.0457
        388     10.0457
        389     10.0457
        390     10.0457
        391     10.0457
        392     10.0457
        393     10.0457
        394     10.0457
        395     10.0457
        396     10.0457
        397     10.0457
        398     10.0457
        399     10.0457
        400     10.0457
        401     10.0457
        402     10.0457
        403     10.0457
        404     10.0457
        405     10.0457
        406     10.0457
        407     10.0457
        408     10.0457
        409     10.0457
        410     10.0457
        411     10.0457
        412     10.0457
        413     10.0457
        414     10.0457
        415     10.0457
        416     10.0457
        417     10.0457
        418     10.0457
        419     10.0457
        420     10.0457
        421     10.0457
        422     10.0457
        423     10.0457
        424     10.0457
        425     10.0457
        426     10.0457
        427     10.0457
        428     10.0457
        429     10.0457
        430     10.0457
        431     10.0457
        432     10.0457
        433     10.0457
        434     10.0457
        435     10.0457
        436     10.0457
        437     10.0457
        438     10.0457
        439     10.0457
        440     10.0457
        441     10.0457
        442     10.0457
        443     10.0457
        444     10.0457
        445     10.0457
        446     10.0457
        447     10.0457
        448     10.0457
        449     10.0457
        450     10.0457
        451     10.0457
        452     10.0457
        453     10.0457
        454     10.0457
        455     10.0457
        456     10.0457
        457     10.0457
        458     10.0457
        459     10.0457
        460     10.0457
        461     10.0457
        462     10.0457
        463     10.0457
        464     10.0457
        465     10.0457
        466     10.0457
        467     10.0457
        468     10.0457
        469     10.0457
        470     10.0457
        471     10.0457
        472     10.0457
        473     10.0457
        474     10.0457
        475     10.0457
        476     10.0457
        477     10.0457
        478     10.0457
        479     10.0457
        480     10.0457
        481     10.0457
        482     10.0457
        483     10.0457
        484     10.0457
        485     10.0457
        486     10.0457
        487     10.0457
        488     10.0457
        489     10.0457
        490     10.0457
        491     10.0457
        492     10.0457
        493     10.0457
        494     10.0457
        495     10.0457
        496     10.0457
        497     10.0457
        498     10.0457
        499     10.0457
