#          T          mu       sigma           H       Error
         2.5       1.007    0.370805    0.554796   0.0102155
        2.45    0.651098     1.08291   0.0767447   0.0210697
       2.401    0.177309    0.619348    0.214095  0.00523546
     2.35298    0.451865    0.974388    -0.23611  0.00737973
     2.30592    0.297669     1.17465  -0.0431237   0.0120788
      2.2598      1.4034     1.07936     4.61358   0.0613121
     2.21461    0.625786     1.10463    0.110114   0.0170718
     2.17031    0.224123     1.18555  -0.0737848   0.0147676
     2.12691     1.19531    0.741872    0.612083   0.0162192
     2.08437    0.313977    0.630045   0.0506449  0.00458693
     2.04268    0.572887     0.44646   -0.056601  0.00553807
     2.00183     1.21758    0.892587     1.36266    0.026561
     1.96179    0.622016     1.00382   -0.123994   0.0121336
     1.92256    0.493883    0.688559   -0.227636   0.0027838
      1.8841    0.525483    0.631859   -0.232483  0.00304801
     1.84642    0.120564    0.968827   -0.242533  0.00586916
     1.80949    0.908005     1.35317     2.24002   0.0548015
      1.7733    0.521311    0.557076   -0.180494  0.00352238
     1.73784    0.713678     0.46019   -0.149458  0.00544419
     1.70308    0.423731     0.89075   -0.260322  0.00524511
     1.66902    0.338498     1.05308   -0.196518   0.0081966
     1.63564    0.564609     1.09386  -0.0386046   0.0131108
     1.60293    0.383551    0.615937  -0.0226861  0.00414542
     1.57087    0.963181     1.38409     2.72286   0.0572121
     1.53945    0.457712     1.14449 -0.00424199   0.0148443
     1.50866     1.02504     1.14456     1.56039   0.0405698
     1.47849     0.71851    0.684206   -0.406614  0.00222918
     1.44892    0.401213    0.802257   -0.225439  0.00355821
     1.41994    0.205935    0.443953    0.767583  0.00745678
     1.39154    0.213819    0.397885    0.952595  0.00872487
     1.36371     1.13847    0.320438     1.14341   0.0144889
     1.33644     0.32586     1.39518    0.798348   0.0406716
     1.30971    0.595383      1.2404    0.480197   0.0289839
     1.28351    0.845847    0.407333    0.230642  0.00761678
     1.25784     0.96567    0.615838   -0.333225  0.00335742
     1.23269    0.659743     0.95672   -0.165274   0.0106753
     1.20803    0.788668      1.1528    0.618628   0.0299408
     1.18387    0.787953    0.838816   -0.236732  0.00803014
     1.16019    0.239241    0.673191   0.0443918  0.00450738
     1.13699    0.253236    0.885703   -0.231462  0.00386499
     1.11425    0.916852    0.953453     0.27013   0.0201372
     1.09197    0.961658    0.586772   -0.329521  0.00277926
     1.07013    0.801904    0.865863   -0.179145  0.00869329
     1.04872   0.0805602     1.12324   -0.193325  0.00868821
     1.02775     0.85528    0.874274  -0.0983089   0.0124709
     1.00719     1.50885     0.60395     2.33387   0.0245221
    0.987051    0.995442    0.588907   -0.279035  0.00363862
     0.96731    0.924414    0.541883   -0.325176  0.00215736
    0.947964    0.608704    0.934521   -0.206763  0.00995579
    0.929004   0.0028659     1.03962   -0.249413  0.00585806
    0.910424    0.533332     1.35851    0.854141   0.0322726
    0.892216    0.251724     1.06371   -0.220077   0.0080677
    0.874371   0.0706318    0.938683   -0.245647  0.00366197
    0.856884    0.418316     1.15949 -0.00259365   0.0172365
    0.839746    0.167858     1.52153     1.26542   0.0436435
    0.822951    0.542703    0.954677    -0.23071   0.0067474
    0.806492    0.580518    0.791491   -0.310566   0.0037309
    0.790362    0.822092    0.400738    0.271799  0.00866053
    0.774555    0.250244    0.794007   -0.145439  0.00336371
    0.759064    0.948119    0.682886   -0.297756  0.00572743
    0.743883    0.622515    0.845563   -0.285617  0.00530009
    0.729005    0.170952     0.71715     0.01011  0.00447892
    0.714425     0.83473    0.460213   -0.115494  0.00487128
    0.700137    0.841599     1.18385    0.937696   0.0344004
    0.686134    0.460675     1.02626   -0.194006  0.00942008
    0.672411    0.645357    0.745788   -0.347407  0.00292122
    0.658963    0.476213    0.959137   -0.235722  0.00740597
    0.645784    0.732703    0.511212   -0.326626  0.00405154
    0.632868    0.407443    0.809399   -0.227392  0.00348487
    0.620211    0.430176     1.39727    0.810667   0.0392671
    0.607806    0.067074     1.51374     1.15385   0.0413318
     0.59565    0.686827    0.982054  -0.0810045   0.0118381
    0.583737    0.507891    0.623437   -0.205336  0.00307327
    0.572063    0.368677     1.14915  -0.0883457   0.0122563
    0.560621    0.843555    0.389728    0.405678  0.00965112
    0.549409    0.445956    0.806572    -0.25208  0.00365175
    0.538421    0.323513    0.640785   0.0224465  0.00426214
    0.527652    0.797956    0.781699   -0.314243  0.00596521
    0.517099   0.0133532     1.12394   -0.196507  0.00833108
    0.506757    0.998774    0.702785   -0.187127  0.00805419
    0.496622    0.102431     1.25837   0.0913797   0.0175493
     0.48669    0.854786    0.536915   -0.363022  0.00316421
    0.476956    0.604242    0.667247   -0.323612  0.00238981
    0.467417    0.307666    0.469869    0.405808  0.00584489
    0.458068    0.886718    0.847288  -0.0773083   0.0111211
    0.448907    0.374663    0.512582    0.159943  0.00518943
    0.439929    0.762347    0.951137  -0.0561603   0.0132956
     0.43113    0.757171    0.663517   -0.425764  0.00233151
    0.422508   0.0346339      1.1738   -0.128396   0.0115002
    0.414058    0.388814     1.15588  -0.0543656   0.0138764
    0.405776    0.249576    0.922076   -0.240439  0.00462748
    0.397661    0.631479    0.370129    0.499365   0.0100205
    0.389708    0.653105    0.520602   -0.303721  0.00322068
    0.381914    0.873923    0.957457    0.127724   0.0150477
    0.374275    0.165482     1.05369   -0.223676  0.00760982
     0.36679    0.124495    0.765622  -0.0629413  0.00358754
    0.359454    0.271598     1.18133  -0.0356726   0.0154737
    0.352265    0.887277    0.603657   -0.415238  0.00252394
     0.34522    0.364773    0.870973   -0.240889  0.00400193
    0.338315    0.975394    0.807406   0.0145349   0.0120013
    0.331549    0.748263    0.587789   -0.428981   0.0016838
    0.324918    0.508744     1.04939   -0.142023   0.0095996
     0.31842    0.705789    0.765893    -0.34239  0.00441193
    0.312051    0.291961    0.885838   -0.232976  0.00464158
     0.30581    0.846188    0.795058   -0.252526  0.00702233
    0.299694    0.240969    0.684281   0.0145836  0.00521418
      0.2937     0.89929    0.537745   -0.339693  0.00238413
    0.287826    0.564634    0.518213   -0.208541  0.00342224
     0.28207    0.555637    0.920508   -0.256703  0.00547577
    0.276428    0.375039    0.656246  -0.0594522  0.00424557
      0.2709    0.933054    0.694031   -0.305911  0.00588246
    0.265482    0.992565    0.710902   -0.191735   0.0075629
    0.260172    0.128053     1.47675    0.916419   0.0384625
    0.254969    0.547177    0.957462   -0.224931  0.00762378
    0.249869    0.752028    0.638752   -0.430027  0.00188493
    0.244872    0.742168    0.715302   -0.389418  0.00390123
    0.239974    0.741071    0.776177   -0.345811  0.00448524
    0.235175    0.257277    0.755317   -0.103823  0.00433058
    0.230471    0.657283    0.789047    -0.33491  0.00498181
    0.225862    0.440348    0.895007   -0.260051  0.00420758
    0.221345     1.15802    0.638712    0.189243   0.0102495
    0.216918   0.0185878     1.01713   -0.241012  0.00609472
    0.212579       1.014    0.528772   -0.190765  0.00300233
    0.208328    0.204588     0.94345   -0.245594  0.00406209
    0.204161     1.06019    0.484287  -0.0189617  0.00420595
    0.200078    0.639848    0.892085   -0.257005  0.00706338
    0.196076    0.615065    0.670728   -0.338771  0.00227942
    0.192155    0.720796    0.723888   -0.384377  0.00350478
    0.188312    0.957528    0.620078   -0.345222  0.00345385
    0.184546    0.239516    0.985757   -0.254026  0.00531781
    0.180855    0.389261    0.942728    -0.25995  0.00579631
    0.177238    0.876879    0.485464   -0.201586  0.00374976
    0.173693     0.84779     0.68151   -0.407262  0.00382351
    0.170219    0.715433     0.66861   -0.410145  0.00210967
    0.166815     0.68168    0.776188   -0.340181  0.00414578
    0.163478    0.593674    0.608905   -0.305207  0.00269505
    0.160209    0.641581    0.432422  -0.0292824  0.00640673
    0.157005    0.577257    0.958705   -0.202445  0.00778488
    0.153865     0.62413    0.504242   -0.250994  0.00356301
    0.150787      1.0079    0.621038   -0.263087  0.00384005
    0.147771    0.725614    0.559949   -0.401696  0.00210818
    0.144816    0.718998    0.642036   -0.418943  0.00184058
     0.14192     0.56882     1.10148 -0.00553209   0.0149201
    0.139081    0.483718    0.918267   -0.258292  0.00552906
      0.1363    0.775229    0.549875   -0.406011  0.00270857
    0.133574    0.760534    0.598404   -0.437137  0.00183621
    0.130902    0.235299    0.950077   -0.251085  0.00445155
    0.128284    0.671301    0.994628   -0.105867    0.012102
    0.125719    0.788875    0.703444   -0.407288  0.00337338
    0.123204     0.77155    0.499213   -0.284902  0.00455923
     0.12074    0.578365    0.518007   -0.221421  0.00332264
    0.118325    0.762193    0.680176   -0.421805  0.00260203
    0.115959    0.845972    0.563821   -0.410794  0.00246101
     0.11364    0.640672      0.6485   -0.361423  0.00212808
    0.111367    0.559918    0.681994   -0.289421  0.00303697
    0.109139    0.741097    0.753542   -0.357095  0.00498257
    0.106957    0.751181     0.66844   -0.421856  0.00241871
    0.104818     1.05215    0.542587   -0.150266   0.0034984
    0.102721    0.700119    0.819093    -0.30311  0.00557568
    0.100667    0.823083    0.587768   -0.437709  0.00196235
   0.0986534    0.751394    0.582431   -0.427073  0.00202507
   0.0966803    0.687427    0.670705   -0.394686  0.00241607
   0.0947467    0.861684    0.776318   -0.269472   0.0074782
   0.0928518     0.77734     0.70496   -0.402412  0.00330169
   0.0909948    0.906469    0.564072   -0.376981  0.00270703
   0.0891749    0.765951    0.599941    -0.44197  0.00154441
   0.0873914     0.73507     0.69968   -0.401642  0.00283151
   0.0856435      0.7781    0.592856   -0.438186  0.00157501
   0.0839307    0.930274    0.539827   -0.319402  0.00250662
   0.0822521    0.832842     0.60225   -0.438193  0.00166935
    0.080607    0.943562    0.746352   -0.208394  0.00756141
   0.0789949    0.853116    0.652302   -0.420147  0.00282961
    0.077415    0.884795    0.582343   -0.407423  0.00218565
   0.0758667    0.916907    0.612595   -0.389936  0.00260033
   0.0743494    0.707346    0.614735   -0.412326   0.0017396
   0.0728624    0.815538    0.671559   -0.418704   0.0038173
   0.0714051    0.239754    0.949781   -0.252405  0.00431641
    0.069977    0.530161     0.59068   -0.211571  0.00297123
   0.0685775    0.679445    0.604982   -0.393037  0.00175847
   0.0672059    0.863623     0.66252   -0.407039  0.00473613
   0.0658618     0.99858     0.64791    -0.25346  0.00622373
   0.0645446    0.853043    0.690831   -0.396301  0.00396675
   0.0632537    0.803847    0.602929   -0.445966  0.00174943
   0.0619886    0.645488    0.653517   -0.367724  0.00228377
   0.0607488    0.704313    0.693975   -0.400944  0.00250477
   0.0595339    0.691501    0.607567   -0.400378  0.00205754
   0.0583432    0.883939    0.745055   -0.284183  0.00713436
   0.0571763    0.732511    0.575637   -0.410975  0.00191343
   0.0560328    0.759054    0.615059   -0.439141  0.00187477
   0.0549121    0.779113    0.647395   -0.435854  0.00208204
   0.0538139    0.699607    0.619437   -0.406792   0.0017315
   0.0527376    0.933257    0.629806   -0.376081  0.00316671
   0.0516829     0.70061    0.590133    -0.40455  0.00175926
   0.0506492     0.74736    0.643955   -0.430027  0.00185525
   0.0496362    0.809459     0.66084   -0.428302  0.00248817
   0.0486435    0.763943    0.668735   -0.427883  0.00242764
   0.0476706    0.781787    0.557527   -0.413242  0.00235812
   0.0467172    0.725961    0.631842   -0.421356  0.00184377
   0.0457829    0.781254    0.595056   -0.438347  0.00143789
   0.0448672    0.761367     0.74838   -0.358918  0.00412723
   0.0439699    0.801346    0.599113    -0.44344  0.00144846
   0.0430905    0.768016     0.64062   -0.437005  0.00182862
   0.0422287    0.643287    0.728848    -0.34777  0.00304358
   0.0413841    0.774042    0.508704   -0.324439  0.00433649
   0.0405564    0.749437    0.615918   -0.433874  0.00179026
   0.0397453    0.748893    0.709282   -0.399077  0.00315512
   0.0389504    0.822441    0.742953   -0.352789  0.00540995
   0.0381714    0.885433      0.6273    -0.41668  0.00265866
   0.0374079    0.791893    0.673588   -0.421701  0.00249645
   0.0366598    0.562158    0.590498   -0.256602  0.00266436
   0.0359266    0.777935    0.509808   -0.325827  0.00435239
   0.0352081    0.748191    0.683685   -0.410574  0.00301301
   0.0345039    0.617357    0.687234   -0.342475  0.00265351
   0.0338138    0.680365    0.728371   -0.369058  0.00317817
   0.0331375    0.803308    0.664277   -0.428977  0.00329025
   0.0324748    0.839244    0.635972   -0.435196   0.0021002
   0.0318253    0.803492    0.687958   -0.413082  0.00281659
   0.0311888    0.773339    0.595522   -0.440084  0.00164993
    0.030565    0.713503     0.55869   -0.393803  0.00237859
   0.0299537    0.774113    0.672553   -0.415035  0.00293592
   0.0293546    0.789751    0.656699   -0.438474  0.00231654
   0.0287675    0.790868    0.614757   -0.443401   0.0015653
   0.0281922    0.880774    0.628344   -0.419788  0.00232399
   0.0276283    0.778245    0.623231   -0.437309  0.00199492
   0.0270758     0.80576    0.692589   -0.408974  0.00348402
   0.0265343    0.792528    0.620205   -0.441202  0.00176855
   0.0260036    0.856959    0.625817   -0.429747  0.00248723
   0.0254835    0.793235    0.588463   -0.442073  0.00182465
   0.0249738    0.717379    0.671244   -0.411899  0.00191568
   0.0244744    0.715669    0.674699   -0.409139  0.00253755
   0.0239849    0.744246    0.583108   -0.424197  0.00163753
   0.0235052    0.817719    0.605929   -0.442647  0.00192853
   0.0230351    0.834286    0.583862   -0.433835  0.00176583
   0.0225744    0.899645    0.563212   -0.374644   0.0022832
   0.0221229     1.01864    0.616063   -0.242819  0.00473632
   0.0216804     0.83991    0.625959    -0.43694  0.00243663
   0.0212468    0.726517    0.578732   -0.415289  0.00178731
   0.0208219    0.812731    0.619266   -0.445274  0.00180963
   0.0204054    0.910654    0.620732   -0.398497  0.00276115
   0.0199973    0.766139    0.600374    -0.43811  0.00164291
   0.0195974    0.748465    0.607912   -0.435182  0.00156838
   0.0192054    0.772626    0.668334   -0.426318  0.00252664
   0.0188213    0.739402    0.587091   -0.423354  0.00152245
   0.0184449    0.727603    0.555932   -0.393169  0.00251104
    0.018076    0.784643    0.574957   -0.428079  0.00202312
   0.0177145    0.867593    0.652206   -0.417502  0.00344151
   0.0173602    0.780534    0.632699   -0.445319  0.00206008
    0.017013    0.755366    0.598688   -0.432498  0.00162717
   0.0166727    0.730337    0.608997   -0.427489  0.00166572
   0.0163393    0.797266    0.589265   -0.439641  0.00197216
   0.0160125    0.769336    0.593085   -0.437669  0.00180481
   0.0156922    0.770661     0.62806   -0.440553  0.00177001
   0.0153784    0.719827    0.685713   -0.404274  0.00249371
   0.0150708    0.747764    0.604613   -0.433591  0.00161814
   0.0147694    0.771933    0.613797   -0.442315  0.00153493
    0.014474    0.749306     0.64961   -0.427671  0.00217806
   0.0141845     0.73595    0.648419   -0.424282  0.00175906
   0.0139009    0.793827    0.626655   -0.446391  0.00219782
   0.0136228    0.828719     0.64585     -0.4306  0.00286638
   0.0133504    0.834258    0.590471   -0.436243  0.00181575
   0.0130834    0.777602    0.645784   -0.435017  0.00224903
   0.0128217     0.81596    0.604285   -0.441911  0.00197316
   0.0125653    0.827121    0.622516   -0.438319  0.00224968
    0.012314    0.773929    0.646717   -0.436705  0.00181933
   0.0120677     0.80306    0.596769   -0.442588  0.00199696
   0.0118263    0.804627    0.616593   -0.443637  0.00168223
   0.0115898    0.772627    0.677683   -0.426574   0.0024632
    0.011358    0.728068     0.63384   -0.425863  0.00167016
   0.0111308    0.723116    0.594703   -0.423718  0.00165444
   0.0109082     0.74144    0.604023   -0.430228  0.00161523
   0.0106901    0.755559    0.607319   -0.439767  0.00137164
   0.0104763     0.72348    0.547481   -0.386678  0.00268816
   0.0102667     0.75692    0.611293   -0.440338  0.00161208
   0.0100614    0.797172    0.569287   -0.425694  0.00235865
