#     BLOCK:  ACTUAL_PE:     PE_AVE:      ERROR:
           1    -5.43664    -5.43664           0
           2    -5.40674    -5.42169    0.010573
           3    -5.44298    -5.42879  0.00912505
           4    -5.44543    -5.43295  0.00773401
           5    -5.42569     -5.4315  0.00632182
           6    -5.46177    -5.43654   0.0069976
           7    -5.43829    -5.43679  0.00600239
           8    -5.43091    -5.43606  0.00529687
           9    -5.40949     -5.4331  0.00546926
          10    -5.44883    -5.43468  0.00514344
          11    -5.43527    -5.43473  0.00467613
          12    -5.45184    -5.43616  0.00449848
          13    -5.43611    -5.43615  0.00415245
          14    -5.43698    -5.43621  0.00385626
          15    -5.46466    -5.43811  0.00403864
          16    -5.43694    -5.43803  0.00378688
          17    -5.42752    -5.43742   0.0036143
          18    -5.44072     -5.4376  0.00341815
          19    -5.44779    -5.43814  0.00328004
          20    -5.43474    -5.43797  0.00312043
          21    -5.44977    -5.43853  0.00302205
          22    -5.42921     -5.4381  0.00291419
          23    -5.44881    -5.43857  0.00282445
          24    -5.45212    -5.43913  0.00276262
          25    -5.42773    -5.43868  0.00268951
          26    -5.41747    -5.43786  0.00270693
          27    -5.45285    -5.43842  0.00266295
          28    -5.45393    -5.43897  0.00262482
          29     -5.4547    -5.43951  0.00258972
          30    -5.46286    -5.44029  0.00261772
          31    -5.45231    -5.44068  0.00256182
          32    -5.45499    -5.44113  0.00252047
          33    -5.43041     -5.4408  0.00246492
          34    -5.45642    -5.44126  0.00243487
          35    -5.42478    -5.44079  0.00241038
          36    -5.46862    -5.44156  0.00246428
          37    -5.46068    -5.44208  0.00245122
          38    -5.44605    -5.44218  0.00238894
          39     -5.4385    -5.44209  0.00232956
          40    -5.42705    -5.44171  0.00230147
          41    -5.45132    -5.44195  0.00225723
          42     -5.4352    -5.44179  0.00220919
          43    -5.45042    -5.44199  0.00216692
          44    -5.42962    -5.44171  0.00213583
          45    -5.44752    -5.44184  0.00209227
          46    -5.42991    -5.44158  0.00206279
          47    -5.44934    -5.44174   0.0020255
          48    -5.43766    -5.44166  0.00198509
          49    -5.42796    -5.44138  0.00196416
          50    -5.43352    -5.44122  0.00193115
          51    -5.45945    -5.44158  0.00192608
          52    -5.42705     -5.4413  0.00190921
          53    -5.42207    -5.44094  0.00190735
          54    -5.43676    -5.44086  0.00187359
          55    -5.45098    -5.44104  0.00184855
          56    -5.45038    -5.44121  0.00182304
          57    -5.43101    -5.44103  0.00179983
          58     -5.4327    -5.44089  0.00177452
          59    -5.45449    -5.44112  0.00175936
          60    -5.41963    -5.44076  0.00176611
          61    -5.42606    -5.44052  0.00175353
          62    -5.41095    -5.44004  0.00178892
          63    -5.43053    -5.43989  0.00176689
          64    -5.45052    -5.44006  0.00174707
          65    -5.45506    -5.44029  0.00173538
          66     -5.4444    -5.44035   0.0017102
          67    -5.44162    -5.44037  0.00168478
          68    -5.43836    -5.44034  0.00166027
          69    -5.44369    -5.44039  0.00163692
          70    -5.43267    -5.44028  0.00161724
          71    -5.44656    -5.44037  0.00159688
          72    -5.42413    -5.44014  0.00159055
          73    -5.43619    -5.44009  0.00156968
          74    -5.43698    -5.44004  0.00154903
          75    -5.45965    -5.44031  0.00155028
          76     -5.4406    -5.44031  0.00152989
          77    -5.45033    -5.44044  0.00151554
          78     -5.4442    -5.44049  0.00149687
          79     -5.4337     -5.4404  0.00148039
          80    -5.45021    -5.44052  0.00146695
          81    -5.44015    -5.44052  0.00144885
          82    -5.44631    -5.44059   0.0014329
          83    -5.46623     -5.4409  0.00144856
          84    -5.41876    -5.44064  0.00145509
          85    -5.42916     -5.4405  0.00144422
          86    -5.45852    -5.44071  0.00144254
          87    -5.44748    -5.44079  0.00142806
          88    -5.43637    -5.44074  0.00141272
          89    -5.44295    -5.44076  0.00139706
          90    -5.44465    -5.44081  0.00138221
          91    -5.44277    -5.44083  0.00136719
          92    -5.41984     -5.4406  0.00137122
          93    -5.47129    -5.44093  0.00139562
          94    -5.44953    -5.44102  0.00138377
          95    -5.44858     -5.4411  0.00137149
          96    -5.44182    -5.44111  0.00135722
          97    -5.45145    -5.44121  0.00134741
          98    -5.47005    -5.44151  0.00136541
          99    -5.44677    -5.44156  0.00135266
         100    -5.45597    -5.44171  0.00134678
         101    -5.42987    -5.44159  0.00133853
         102    -5.44976    -5.44167   0.0013278
         103    -5.44255    -5.44168  0.00131494
         104    -5.44349     -5.4417  0.00130241
         105    -5.44953    -5.44177  0.00129214
         106    -5.44282    -5.44178  0.00127999
         107    -5.44928    -5.44185  0.00126995
         108    -5.45323    -5.44196  0.00126255
         109    -5.44932    -5.44202  0.00125278
         110      -5.448    -5.44208  0.00124257
         111    -5.44523    -5.44211   0.0012317
         112    -5.45812    -5.44225  0.00122897
         113    -5.45592    -5.44237  0.00122403
         114    -5.46316    -5.44255  0.00122681
         115    -5.43077    -5.44245  0.00122041
         116    -5.42469     -5.4423  0.00121945
         117    -5.45109    -5.44237  0.00121134
         118    -5.44239    -5.44237  0.00120108
         119    -5.42487    -5.44222  0.00119996
         120    -5.43796    -5.44219  0.00119048
         121    -5.42464    -5.44204  0.00118945
         122    -5.47915    -5.44235  0.00121796
         123    -5.45572    -5.44246   0.0012129
         124    -5.44198    -5.44245  0.00120312
         125    -5.44591    -5.44248  0.00119382
         126    -5.44201    -5.44248  0.00118435
         127    -5.44047    -5.44246  0.00117513
         128    -5.44186    -5.44246  0.00116596
         129    -5.44389    -5.44247  0.00115697
         130    -5.43905    -5.44244  0.00114837
         131    -5.44112    -5.44243  0.00113965
         132    -5.43748    -5.44239  0.00113163
         133    -5.46212    -5.44254   0.0011328
         134    -5.44843    -5.44259   0.0011252
         135    -5.45323    -5.44266  0.00111962
         136      -5.423    -5.44252  0.00112069
         137    -5.41636    -5.44233  0.00112866
         138    -5.42431     -5.4422  0.00112801
         139    -5.43133    -5.44212   0.0011226
         140    -5.44893    -5.44217  0.00111563
         141     -5.4402    -5.44216  0.00110781
         142    -5.45953    -5.44228  0.00110674
         143     -5.3974    -5.44196  0.00114264
         144    -5.43422    -5.44191  0.00113597
         145    -5.45736    -5.44202  0.00113312
         146    -5.44826    -5.44206  0.00112617
         147    -5.45083    -5.44212  0.00112009
         148    -5.43875     -5.4421  0.00111275
         149     -5.4443    -5.44211  0.00110538
         150    -5.47557    -5.44233  0.00112028
         151    -5.44787    -5.44237  0.00111346
         152     -5.4259    -5.44226   0.0011114
         153    -5.44097    -5.44225  0.00110416
         154    -5.45049    -5.44231  0.00109829
         155    -5.44195     -5.4423  0.00109121
         156    -5.43419    -5.44225  0.00108545
         157    -5.45792    -5.44235  0.00108311
         158    -5.44782    -5.44239  0.00107681
         159    -5.46157    -5.44251  0.00107678
         160    -5.42138    -5.44238  0.00107811
         161    -5.45073    -5.44243  0.00107267
         162    -5.45542    -5.44251  0.00106904
         163    -5.46236    -5.44263  0.00106939
         164     -5.4622    -5.44275  0.00106951
         165     -5.4112    -5.44256  0.00107998
         166     -5.4435    -5.44256  0.00107349
         167    -5.44475    -5.44258  0.00106714
         168    -5.45547    -5.44265  0.00106355
         169    -5.43698    -5.44262  0.00105778
         170    -5.45337    -5.44268  0.00105345
         171    -5.44282    -5.44268  0.00104729
         172     -5.4437    -5.44269  0.00104122
         173    -5.43675    -5.44266  0.00103576
         174    -5.43541    -5.44261  0.00103065
         175    -5.43805    -5.44259  0.00102509
         176    -5.44425     -5.4426  0.00101931
         177    -5.45367    -5.44266  0.00101547
         178    -5.45194    -5.44271   0.0010111
         179     -5.4521    -5.44276  0.00100681
         180    -5.45759    -5.44285  0.00100458
         181    -5.43785    -5.44282 0.000999412
         182    -5.44222    -5.44282 0.000993926
         183    -5.44551    -5.44283 0.000988603
         184    -5.44797    -5.44286 0.000983625
         185     -5.4411    -5.44285 0.000978354
         186    -5.43125    -5.44279  0.00097508
         187    -5.43255    -5.44273 0.000971401
         188    -5.45024    -5.44277 0.000967054
         189    -5.44537    -5.44279 0.000962034
         190    -5.42867    -5.44271 0.000959836
         191    -5.45646    -5.44278 0.000957506
         192    -5.45368    -5.44284   0.0009542
         193    -5.44067    -5.44283 0.000949322
         194    -5.47254    -5.44298 0.000956705
         195    -5.44882    -5.44301 0.000952267
         196    -5.47518    -5.44318 0.000961444
         197    -5.43123    -5.44312 0.000958473
         198    -5.44124    -5.44311 0.000953679
         199    -5.42969    -5.44304 0.000951267
         200     -5.4632    -5.44314 0.000951835
         201    -5.44194    -5.44313 0.000947118
         202    -5.46648    -5.44325 0.000949456
         203    -5.43171    -5.44319 0.000946479
         204    -5.43463    -5.44315 0.000942771
         205    -5.42913    -5.44308 0.000940647
         206    -5.41893    -5.44296 0.000943357
         207    -5.43844    -5.44294 0.000939054
         208    -5.43777    -5.44292 0.000934868
         209    -5.44563    -5.44293 0.000930485
         210    -5.44329    -5.44293 0.000926056
         211    -5.47225    -5.44307 0.000932035
         212    -5.46922    -5.44319 0.000935763
         213    -5.45042    -5.44323 0.000931985
         214    -5.46262    -5.44332 0.000932027
         215    -5.45006    -5.44335  0.00092822
         216    -5.44664    -5.44337 0.000924047
         217    -5.43804    -5.44334 0.000920114
         218    -5.43139    -5.44329 0.000917526
         219    -5.45864    -5.44336  0.00091601
         220    -5.44567    -5.44337 0.000911907
         221    -5.43467    -5.44333 0.000908631
         222    -5.43146    -5.44327  0.00090611
         223    -5.45006     -5.4433 0.000902558
         224    -5.47155    -5.44343 0.000907297
         225    -5.43575     -5.4434 0.000903907
         226    -5.42926    -5.44333 0.000902068
         227    -5.45177    -5.44337 0.000898859
         228    -5.44075    -5.44336  0.00089499
         229    -5.43571    -5.44333 0.000891704
         230    -5.41357     -5.4432 0.000897167
         231    -5.44934    -5.44322 0.000893676
         232    -5.46797    -5.44333 0.000896166
         233    -5.42269    -5.44324 0.000896688
         234    -5.40638    -5.44308  0.00090659
         235    -5.45264    -5.44312 0.000903645
         236    -5.44017    -5.44311 0.000899903
         237    -5.44713    -5.44313 0.000896265
         238    -5.44473    -5.44314 0.000892524
         239    -5.44636    -5.44315 0.000888892
         240    -5.44044    -5.44314  0.00088526
         241    -5.44567    -5.44315 0.000881649
         242    -5.42451    -5.44307 0.000881364
         243    -5.43521    -5.44304  0.00087833
         244    -5.44853    -5.44306 0.000875019
         245    -5.45017    -5.44309 0.000871928
         246    -5.45496    -5.44314 0.000869718
         247    -5.43728    -5.44312  0.00086652
         248    -5.41856    -5.44302 0.000868664
         249    -5.45479    -5.44306 0.000866462
         250    -5.42672      -5.443 0.000865459
