#     BLOCK:   ACTUAL_P:     P_AVE:       ERROR:
           1     1.48809     1.48809           0
           2     1.68425     1.58617   0.0693553
           3     1.47672     1.54969   0.0550019
           4     1.51129     1.54009   0.0420806
           5     1.52681     1.53743   0.0337482
           6        1.42     1.51786   0.0333192
           7     1.53638      1.5205   0.0286642
           8     1.55336     1.52461   0.0253737
           9     1.58403     1.53121   0.0233976
          10     1.49031     1.52712   0.0214123
          11     1.54474     1.52872   0.0195256
          12     1.52176     1.52814    0.017907
          13     1.55128     1.52992   0.0166177
          14      1.6052      1.5353   0.0162773
          15     1.45068     1.52966   0.0161402
          16     1.56165     1.53166   0.0152548
          17     1.62168     1.53695   0.0152489
          18     1.52297     1.53618   0.0144215
          19     1.53769     1.53626   0.0136627
          20     1.62642     1.54076   0.0137031
          21     1.52671     1.54009   0.0130669
          22      1.6013     1.54288   0.0127657
          23     1.47196     1.53979   0.0125775
          24     1.39066     1.53358   0.0135014
          25      1.5871     1.53572     0.01313
          26     1.61932     1.53894   0.0130127
          27     1.38553     1.53325   0.0137152
          28     1.42329     1.52933   0.0137761
          29     1.38464     1.52434   0.0141757
          30     1.36644     1.51907   0.0146477
          31     1.41208     1.51562   0.0145762
          32     1.44797     1.51351   0.0142732
          33     1.55427     1.51474    0.013894
          34     1.39998     1.51137   0.0138893
          35     1.51669     1.51152   0.0134933
          36     1.43255     1.50933   0.0132956
          37     1.38045     1.50584   0.0133847
          38     1.50792      1.5059   0.0130326
          39     1.54687     1.50695   0.0127407
          40     1.55109     1.50805   0.0124699
          41     1.45702     1.50681   0.0122277
          42       1.489     1.50638   0.0119439
          43     1.45487     1.50519   0.0117261
          44     1.54388     1.50607   0.0114925
          45     1.47863     1.50546   0.0112533
          46     1.59888     1.50749   0.0111904
          47      1.4297     1.50583    0.011074
          48      1.5569      1.5069   0.0108943
          49     1.63348     1.50948    0.010974
          50     1.52081     1.50971   0.0107568
          51     1.40141     1.50758   0.0107535
          52     1.58708     1.50911   0.0106548
          53     1.59106     1.51066   0.0105654
          54     1.54802     1.51135   0.0103923
          55     1.43133     1.50989   0.0103047
          56     1.46377     1.50907   0.0101536
          57     1.52355     1.50932  0.00997861
          58     1.50638     1.50927  0.00980669
          59     1.47983     1.50877  0.00965317
          60     1.54358     1.50935   0.0095097
          61     1.62335     1.51122  0.00953566
          62     1.66024     1.51363  0.00968004
          63     1.58903     1.51482  0.00960009
          64     1.53968     1.51521  0.00945794
          65      1.4127     1.51364  0.00944301
          66     1.50182     1.51346  0.00930163
          67     1.50256     1.51329  0.00916423
          68      1.4602     1.51251  0.00906266
          69     1.41982     1.51117  0.00903033
          70     1.54242     1.51162  0.00891235
          71     1.57619     1.51253  0.00883311
          72     1.59234     1.51363  0.00877971
          73     1.52898     1.51384  0.00866196
          74     1.58886     1.51486  0.00860402
          75     1.36433     1.51285  0.00872023
          76     1.44306     1.51193   0.0086537
          77     1.47152     1.51141  0.00855721
          78     1.45855     1.51073  0.00847429
          79     1.53716     1.51106  0.00837363
          80      1.5624     1.51171   0.0082935
          81     1.54788     1.51215  0.00820313
          82     1.44811     1.51137  0.00814019
          83     1.33964      1.5093  0.00830091
          84     1.52928     1.50954  0.00820549
          85     1.52998     1.50978  0.00811248
          86     1.34967     1.50792    0.008229
          87     1.57733     1.50872    0.008173
          88     1.60766     1.50984   0.0081571
          89     1.48888     1.50961  0.00806885
          90     1.47292      1.5092  0.00798948
          91     1.51183     1.50923  0.00790174
          92     1.57903     1.50999  0.00785219
          93     1.39218     1.50872  0.00786928
          94     1.54188     1.50907  0.00779346
          95     1.48687     1.50884  0.00771493
          96      1.4931     1.50867  0.00763631
          97     1.47077     1.50828  0.00756757
          98     1.39534     1.50713   0.0075776
          99     1.49932     1.50705  0.00750147
         100     1.47474     1.50673  0.00743341
         101     1.56317     1.50729  0.00738078
         102     1.50631     1.50728  0.00730843
         103     1.51466     1.50735  0.00723782
         104     1.59715     1.50821  0.00721955
         105     1.49031     1.50804  0.00715281
         106     1.49516     1.50792  0.00708636
         107     1.52579     1.50809   0.0070221
         108     1.50493     1.50806  0.00695714
         109     1.55414     1.50848  0.00690615
         110     1.48282     1.50825   0.0068473
         111     1.58259     1.50892  0.00681829
         112     1.36813     1.50766  0.00687232
         113     1.42954     1.50697  0.00684618
         114     1.43152     1.50631  0.00681805
         115     1.59767      1.5071  0.00680488
         116     1.58689     1.50779   0.0067809
         117      1.5026     1.50775  0.00672309
         118     1.50243      1.5077  0.00666626
         119     1.56311     1.50817  0.00662648
         120     1.49839     1.50809  0.00657176
         121     1.65285     1.50928  0.00662545
         122      1.3405      1.5079  0.00671404
         123     1.39515     1.50698  0.00672173
         124      1.4831     1.50679  0.00667028
         125     1.49579      1.5067   0.0066175
         126     1.49361      1.5066   0.0065658
         127      1.4707     1.50631  0.00652018
         128     1.52313     1.50645  0.00647056
         129     1.49435     1.50635  0.00642108
         130     1.52695     1.50651  0.00637365
         131     1.57122       1.507   0.0063441
         132     1.45629     1.50662  0.00630766
         133     1.45308     1.50622  0.00627307
         134     1.43393     1.50568  0.00624941
         135     1.45454      1.5053  0.00621459
         136     1.59889     1.50599  0.00620688
         137     1.59359     1.50663  0.00619442
         138     1.65485      1.5077  0.00624196
         139     1.53927     1.50793  0.00620119
         140     1.50763     1.50793  0.00615689
         141     1.54046     1.50816  0.00611755
         142     1.46849     1.50788  0.00608084
         143     1.67234     1.50903  0.00614611
         144     1.55655     1.50936  0.00611228
         145     1.44454     1.50891  0.00608645
         146     1.51493     1.50895  0.00604491
         147     1.42389     1.50837  0.00603142
         148     1.53376     1.50854   0.0059931
         149     1.55435     1.50885  0.00596076
         150     1.33815     1.50771  0.00602868
         151     1.48455     1.50756   0.0059907
         152     1.55967      1.5079  0.00596109
         153     1.59637     1.50848  0.00595011
         154      1.4575     1.50815  0.00592067
         155     1.43747     1.50769  0.00590001
         156       1.557     1.50801  0.00587064
         157      1.3454     1.50697  0.00592391
         158     1.53894     1.50718  0.00588988
         159     1.46225     1.50689  0.00585961
         160     1.48845     1.50678  0.00582412
         161      1.4452      1.5064  0.00580049
         162     1.43953     1.50598  0.00577935
         163     1.41623     1.50543  0.00577007
         164     1.47374     1.50524  0.00573812
         165     1.54241     1.50547  0.00570776
         166     1.49583     1.50541  0.00567367
         167     1.51904     1.50549  0.00564029
         168      1.3899      1.5048  0.00564852
         169     1.50573     1.50481   0.0056151
         170     1.47328     1.50462  0.00558513
         171     1.49259     1.50455  0.00555291
         172     1.42093     1.50406  0.00554187
         173     1.56877     1.50444  0.00552244
         174     1.54097     1.50465  0.00549469
         175     1.61003     1.50525  0.00549619
         176     1.53453     1.50542  0.00546748
         177     1.42487     1.50496  0.00545549
         178     1.47026     1.50477  0.00542833
         179     1.52994     1.50491  0.00539982
         180     1.49304     1.50484  0.00537023
         181     1.48957     1.50476  0.00534122
         182      1.4768      1.5046  0.00531408
         183     1.56569     1.50494  0.00529551
         184     1.55407      1.5052  0.00527346
         185     1.46974     1.50501  0.00524844
         186     1.63327      1.5057  0.00526532
         187     1.54664     1.50592  0.00524172
         188     1.39424     1.50533  0.00524739
         189     1.50809     1.50534  0.00521965
         190     1.61132      1.5059  0.00522189
         191     1.42853     1.50549  0.00521024
         192     1.46482     1.50528  0.00518741
         193     1.49071     1.50521  0.00516108
         194     1.34508     1.50438  0.00520006
         195     1.41376     1.50392  0.00519412
         196     1.32162     1.50299  0.00525023
         197     1.56731     1.50331  0.00523372
         198     1.61513     1.50388  0.00523767
         199     1.58186     1.50427  0.00522599
         200     1.48398     1.50417  0.00520084
         201      1.5666     1.50448  0.00518423
         202     1.40781       1.504  0.00518061
         203     1.61073     1.50453   0.0051817
         204     1.54981     1.50475  0.00516105
         205     1.53106     1.50488  0.00513747
         206     1.66013     1.50563  0.00516751
         207     1.48565     1.50553  0.00514345
         208     1.53613     1.50568  0.00512082
         209     1.51149     1.50571   0.0050964
         210     1.50188     1.50569  0.00507216
         211     1.36448     1.50502  0.00509208
         212     1.32315     1.50416  0.00513982
         213     1.51661     1.50422  0.00511602
         214     1.45907     1.50401  0.00509646
         215     1.45736     1.50379  0.00507738
         216     1.45514     1.50357  0.00505886
         217      1.5125     1.50361  0.00503572
         218     1.53353     1.50375  0.00501449
         219     1.48976     1.50368    0.004992
         220     1.50497     1.50369  0.00496931
         221     1.50641      1.5037  0.00494684
         222     1.55865     1.50395  0.00493074
         223     1.42528      1.5036  0.00492124
         224     1.43334     1.50328  0.00490925
         225     1.52779     1.50339  0.00488864
         226     1.57499     1.50371  0.00487726
         227     1.46344     1.50353    0.004859
         228     1.48787     1.50346  0.00483818
         229     1.51407     1.50351  0.00481727
         230     1.63097     1.50406  0.00482809
         231     1.47784     1.50395  0.00480853
         232     1.34385     1.50326  0.00483707
         233     1.66254     1.50394  0.00486438
         234     1.74804     1.50499  0.00495418
         235     1.43806      1.5047  0.00494127
         236       1.513     1.50474  0.00492046
         237     1.48406     1.50465  0.00490047
         238     1.46471     1.50448  0.00488276
         239     1.45601     1.50428  0.00486653
         240     1.55822      1.5045  0.00485144
         241     1.49047     1.50444  0.00483166
         242     1.55411     1.50465  0.00481605
         243     1.53832     1.50479  0.00479823
         244     1.43695     1.50451  0.00478661
         245     1.50111      1.5045  0.00476709
         246      1.4171     1.50414  0.00476093
         247     1.46796     1.50399  0.00474391
         248      1.6021     1.50439  0.00474125
         249     1.46874     1.50425  0.00472437
         250     1.66843      1.5049   0.0047509
